198
JQ993669_Isospora_sp._ex_Talpa_europaea         0.0000000 0.0067345 0.0126912 0.0251968 0.0262342 0.0252800 0.0253151 0.0386518 0.0249075 0.0289175 0.0225592 0.0341096 0.0225592 0.0234378 0.0257511 0.0252556 0.0345554 0.0243735 0.0244432 0.0253151 0.0235022 0.0272312 0.0209239 0.0252556 0.0270212 0.0243410 0.0270753 0.0299264 0.0264501 0.0270331 0.0233457 0.0243940 0.0305102 0.0359289 0.0574522 0.0233188 0.0251134 0.0260588 0.0251968 0.0254507 0.0261278 0.0234036 0.0233333 0.0252143 0.0243053 0.0233867 0.0216807 0.0261148 0.0256253 0.0252556 0.0297523 0.0252732 0.0282423 0.0289727 0.0253151 0.0252556 0.0244741 0.0252556 0.0262605 0.0252732 0.0246773 0.0256001 0.0255493 0.0253151 0.0253151 0.0196509 0.0280189 0.0298867 0.0241552 0.0224986 0.0280652 0.0216277 0.0224449 0.0327365 0.0457890 0.0225058 0.0260876 0.0307639 0.0215518 0.0224228 0.0242321 0.0244635 0.0243565 0.0243410 0.0360165 0.0243499 0.0367689 0.0248163 0.0256481 0.0253395 0.0274859 0.0285862 0.0275361 0.0275361 0.0246167 0.0296738 0.0277789 0.0275142 0.0297429 0.0264389 0.0265090 0.0276986 0.0244793 0.0264389 0.0259579 0.0285238 0.0285633 0.0264632 0.0225218 0.0264568 0.0253768 0.0274601 0.0276137 0.0254795 0.0286307 0.0269985 0.0275204 0.0250090 0.0278346 0.0272810 0.0262763 0.0275142 0.0270521 0.0267796 0.0272266 0.0260223 0.0264821 0.0283262 0.0275361 0.0266537 0.0267530 0.0265248 0.0253395 0.0302736 0.0295354 0.0246391 0.0269805 0.0263553 0.0275390 0.0249210 0.0274601 0.0280230 0.0269231 0.0267147 0.0263294 0.0279409 0.0285428 0.0270521 0.0282172 0.0285633 0.0270521 0.0277082 0.0270521 0.0264632 0.0270790 0.0264501 0.0252001 0.0266192 0.0366415 0.0245316 0.0265006 0.0262977 0.0264059 0.0294383 0.0324931 0.0262177 0.0284560 0.0272623 0.0253629 0.0262177 0.0262177 0.0262797 0.0284413 0.0245587 0.0246688 0.0255555 0.0276662 0.0325602 0.0280316 0.0245635 0.0267005 0.0255802 0.0281518 0.0297945 0.0247557 0.0274756 0.0220350 0.0328525 0.0248224 0.0254962 0.0256481 0.0285233 0.0260415 0.0155672 0.0368060 0.0415611 0.0368060 0.0211145 
JQ993670_Isospora_sp._ex_Talpa_europaea         0.0067345 0.0000000 0.0137996 0.0322025 0.0363223 0.0322451 0.0323069 0.0732365 0.0297835 0.0335852 0.0297835 0.0442940 0.0297835 0.0297835 0.0330742 0.0322025 0.0569493 0.0309894 0.0311115 0.0323069 0.0311127 0.0335543 0.0209806 0.0322025 0.0347429 0.0310321 0.0348394 0.0388206 0.0351630 0.0364270 0.0349443 0.0311252 0.0454981 0.0390021 0.0390853 0.0336846 0.0361688 0.0362034 0.0322025 0.0352428 0.0335061 0.0349525 0.0349183 0.0334545 0.0336230 0.0335438 0.0325471 0.0375541 0.0328524 0.0322025 0.0322025 0.0322337 0.0336530 0.0400245 0.0323069 0.0322025 0.0311643 0.0322025 0.0323069 0.0322337 0.0246252 0.0328075 0.0330411 0.0323069 0.0323069 0.0197008 0.0362485 0.0444319 0.0347753 0.0299395 0.0338456 0.0287313 0.0324295 0.0445609 0.0515651 0.0299395 0.0376537 0.0402084 0.0311969 0.0310895 0.0318588 0.0314907 0.0309595 0.0310321 0.0480771 0.0309595 0.0587910 0.0317657 0.0346977 0.0339815 0.0391398 0.0405451 0.0389816 0.0389816 0.0363387 0.0421876 0.0371089 0.0389357 0.0405451 0.0356282 0.0332070 0.0390294 0.0317507 0.0356282 0.0334431 0.0386539 0.0404961 0.0357914 0.0315422 0.0345037 0.0327645 0.0372317 0.0391423 0.0340211 0.0406387 0.0346977 0.0373480 0.0321073 0.0393523 0.0368930 0.0340122 0.0389357 0.0364633 0.0359513 0.0367417 0.0354129 0.0358276 0.0393856 0.0389816 0.0393383 0.0359020 0.0363841 0.0339815 0.0371413 0.0337078 0.0318055 0.0349109 0.0351652 0.0345038 0.0323139 0.0372317 0.0351652 0.0362196 0.0358299 0.0355400 0.0376958 0.0388373 0.0364633 0.0382165 0.0404961 0.0364633 0.0409154 0.0364633 0.0357914 0.0369704 0.0351630 0.0354879 0.0367720 0.0492790 0.0300146 0.0354324 0.0350599 0.0352585 0.0411342 0.0440696 0.0349121 0.0443282 0.0350238 0.0323374 0.0349121 0.0349121 0.0350264 0.0380375 0.0320452 0.0322475 0.0334775 0.0762585 0.0374868 0.0388336 0.0625192 0.0367260 0.0350410 0.0359485 0.0412748 0.0639102 0.0388563 0.0296365 0.0391512 0.0375801 0.0348765 0.0346977 0.0404134 0.0404475 0.0156844 0.0371050 0.0419056 0.0371050 0.0212885 
JQ993671_Isospora_sp._ex_Talpa_europaea         0.0126912 0.0137996 0.0000000 0.0359441 0.0351664 0.0363119 0.0363576 0.0510285 0.0285217 0.0326416 0.0347517 0.0398363 0.0346588 0.0279324 0.0366899 0.0360334 0.0470595 0.0354777 0.0355689 0.0362560 0.0359236 0.0364820 0.0270028 0.0362799 0.0380835 0.0346901 0.0380033 0.0396786 0.0346507 0.0392238 0.0316355 0.0339473 0.0386638 0.0460263 0.0640044 0.0298491 0.0331902 0.0340299 0.0365553 0.0375383 0.0374179 0.0321239 0.0320362 0.0380104 0.0366786 0.0330905 0.0313047 0.0347171 0.0367604 0.0351503 0.0333049 0.0363032 0.0318739 0.0332993 0.0363576 0.0362799 0.0353347 0.0356462 0.0330874 0.0357155 0.0260549 0.0360985 0.0370184 0.0363576 0.0364904 0.0253336 0.0389080 0.0428869 0.0351389 0.0283329 0.0365355 0.0275813 0.0282740 0.0398500 0.0531456 0.0283408 0.0322923 0.0363040 0.0274970 0.0290736 0.0321503 0.0349434 0.0354550 0.0367668 0.0437759 0.0353860 0.0413388 0.0368624 0.0387824 0.0327151 0.0388242 0.0395610 0.0384358 0.0384358 0.0368178 0.0407280 0.0344053 0.0384482 0.0408249 0.0338468 0.0380330 0.0387435 0.0323395 0.0338084 0.0377310 0.0359905 0.0394831 0.0374349 0.0345704 0.0388730 0.0373342 0.0399631 0.0417276 0.0328977 0.0396245 0.0376160 0.0406635 0.0364718 0.0393281 0.0401344 0.0376003 0.0384043 0.0380814 0.0389253 0.0353816 0.0371629 0.0388713 0.0402916 0.0384799 0.0388986 0.0403267 0.0388050 0.0326781 0.0375419 0.0336773 0.0347635 0.0381624 0.0383310 0.0393211 0.0371163 0.0399631 0.0361875 0.0396508 0.0393677 0.0392409 0.0386382 0.0409765 0.0394254 0.0410056 0.0394831 0.0392497 0.0419275 0.0392497 0.0390207 0.0402130 0.0346507 0.0383831 0.0385200 0.0480003 0.0343267 0.0386404 0.0382555 0.0383978 0.0414427 0.0443286 0.0381489 0.0394807 0.0370392 0.0361400 0.0378546 0.0378546 0.0379603 0.0406298 0.0365048 0.0366463 0.0374006 0.0486993 0.0396567 0.0408313 0.0453246 0.0392273 0.0384470 0.0388662 0.0423221 0.0422776 0.0385672 0.0324931 0.0432342 0.0381314 0.0368377 0.0368425 0.0394809 0.0399832 0.0240379 0.0414428 0.0463366 0.0414428 0.0304985 
JQ993665_Eimeria_nafuko                         0.0251968 0.0322025 0.0359441 0.0000000 0.0176344 0.0007355 0.0007364 0.0050764 0.0042690 0.0054094 0.0044552 0.0000010 0.0044552 0.0040308 0.0007471 0.0007349 0.0035141 0.0029496 0.0007370 0.0007364 0.0052142 0.0062189 0.0013377 0.0007349 0.0021918 0.0021913 0.0021943 0.0051599 0.0009109 0.0108158 0.0150810 0.0044037 0.0219878 0.0183527 0.0253023 0.0198189 0.0173966 0.0173986 0.0007282 0.0067553 0.0051385 0.0152153 0.0151753 0.0074464 0.0074150 0.0112255 0.0136929 0.0174312 0.0007430 0.0000010 0.0030850 0.0007353 0.0010525 0.0012814 0.0007364 0.0007349 0.0007380 0.0000010 0.0000010 0.0000010 0.0000010 0.0000010 0.0007664 0.0007364 0.0007364 0.0000010 0.0119704 0.0039969 0.0167261 0.0190885 0.0264164 0.0198845 0.0182704 0.0289889 0.0422612 0.0190940 0.0239089 0.0263250 0.0182641 0.0190320 0.0027070 0.0023525 0.0029479 0.0036641 0.0000010 0.0029471 0.0163145 0.0029951 0.0110276 0.0028402 0.0076006 0.0096742 0.0106442 0.0106442 0.0068374 0.0106728 0.0009597 0.0106480 0.0106962 0.0000023 0.0101835 0.0107236 0.0035300 0.0000023 0.0007522 0.0018950 0.0096565 0.0103155 0.0056537 0.0093848 0.0038250 0.0117775 0.0131991 0.0028547 0.0116538 0.0101411 0.0117992 0.0030147 0.0076925 0.0109015 0.0007599 0.0106364 0.0102352 0.0107289 0.0000024 0.0113132 0.0109697 0.0114220 0.0106559 0.0107659 0.0107197 0.0105474 0.0028371 0.0010399 0.0000010 0.0023414 0.0015103 0.0105824 0.0030895 0.0015531 0.0117775 0.0113047 0.0107784 0.0107068 0.0109148 0.0093653 0.0110262 0.0108222 0.0101118 0.0096565 0.0108222 0.0112818 0.0108222 0.0109631 0.0121689 0.0009109 0.0094292 0.0114477 0.0123485 0.0022575 0.0106327 0.0105622 0.0106000 0.0103650 0.0154774 0.0105347 0.0123348 0.0022232 0.0007366 0.0105347 0.0105347 0.0105561 0.0032688 0.0007917 0.0007948 0.0015864 0.0154800 0.0123328 0.0115368 0.0204211 0.0101801 0.0113621 0.0092751 0.0147912 0.0173064 0.0106786 0.0031752 0.0122217 0.0095621 0.0106524 0.0104108 0.0104978 0.0099920 0.0116252 0.0325788 0.0372479 0.0325788 0.0168156 
JQ993659_Eimeria_alorani                        0.0262342 0.0363223 0.0351664 0.0176344 0.0000000 0.0166419 0.0166273 0.0289747 0.0153980 0.0155700 0.0174273 0.0222855 0.0176205 0.0155999 0.0168651 0.0166273 0.0247195 0.0158550 0.0158949 0.0166273 0.0198008 0.0211391 0.0067495 0.0166273 0.0182021 0.0181957 0.0182221 0.0214283 0.0170054 0.0213377 0.0066524 0.0198301 0.0098155 0.0289747 0.0436149 0.0111785 0.0029283 0.0044014 0.0174358 0.0182472 0.0197737 0.0021908 0.0021908 0.0213093 0.0190010 0.0089328 0.0097789 0.0044093 0.0167937 0.0172223 0.0170549 0.0166273 0.0152421 0.0172686 0.0166273 0.0166273 0.0166981 0.0170027 0.0157961 0.0170560 0.0087108 0.0171803 0.0164852 0.0166273 0.0166273 0.0063687 0.0222057 0.0205100 0.0150748 0.0112296 0.0206831 0.0119978 0.0119665 0.0223153 0.0342087 0.0112327 0.0158798 0.0182185 0.0119619 0.0111973 0.0167828 0.0179147 0.0158550 0.0183743 0.0234798 0.0158645 0.0059722 0.0162244 0.0207436 0.0156381 0.0224081 0.0228778 0.0238771 0.0238771 0.0200927 0.0239439 0.0179473 0.0238853 0.0239981 0.0166684 0.0197607 0.0240602 0.0154559 0.0166501 0.0170188 0.0186768 0.0228348 0.0211388 0.0204655 0.0189403 0.0164235 0.0213922 0.0253067 0.0157210 0.0249635 0.0227229 0.0215820 0.0161792 0.0226869 0.0213104 0.0171617 0.0238588 0.0218315 0.0209249 0.0179304 0.0223650 0.0205573 0.0256729 0.0239036 0.0241561 0.0217708 0.0244890 0.0156209 0.0195032 0.0122121 0.0161737 0.0178276 0.0206352 0.0189909 0.0175423 0.0213922 0.0221401 0.0210670 0.0209249 0.0204980 0.0208343 0.0209607 0.0211094 0.0204991 0.0228348 0.0213508 0.0219644 0.0213508 0.0205447 0.0260023 0.0170054 0.0237497 0.0208146 0.0299291 0.0163917 0.0207344 0.0205956 0.0206698 0.0245600 0.0258258 0.0205956 0.0239775 0.0174369 0.0166449 0.0205956 0.0205956 0.0205956 0.0201189 0.0170438 0.0171104 0.0178876 0.0410820 0.0254445 0.0216283 0.0365689 0.0217655 0.0212986 0.0251790 0.0248845 0.0317867 0.0239558 0.0155445 0.0263532 0.0226445 0.0218449 0.0213394 0.0224635 0.0236936 0.0116252 0.0325788 0.0372479 0.0325788 0.0168156 
KU174470_Eimeria_apionodes                      0.0252800 0.0322451 0.0363119 0.0007355 0.0166419 0.0000000 0.0000020 0.0036549 0.0042742 0.0054156 0.0036239 0.0000028 0.0037031 0.0040349 0.0000020 0.0000020 0.0035187 0.0021599 0.0000020 0.0000020 0.0058664 0.0062252 0.0013377 0.0000020 0.0021622 0.0028845 0.0014414 0.0043578 0.0009118 0.0100178 0.0141016 0.0043519 0.0206719 0.0173226 0.0241294 0.0187699 0.0163921 0.0163940 0.0007197 0.0058653 0.0043399 0.0141034 0.0140951 0.0072763 0.0065751 0.0118325 0.0127644 0.0179728 0.0000020 0.0000021 0.0030884 0.0000020 0.0010538 0.0012833 0.0000020 0.0000020 0.0000020 0.0000020 0.0000022 0.0000021 0.0000010 0.0000021 0.0000021 0.0000020 0.0000020 0.0000010 0.0110558 0.0029024 0.0165245 0.0188573 0.0260921 0.0196433 0.0180506 0.0286305 0.0398837 0.0188625 0.0236171 0.0260029 0.0180434 0.0188020 0.0027097 0.0023539 0.0021587 0.0029435 0.0000028 0.0021599 0.0163519 0.0022371 0.0101351 0.0028432 0.0076100 0.0096848 0.0106559 0.0106559 0.0068449 0.0106845 0.0009617 0.0106597 0.0107080 0.0000023 0.0091726 0.0107355 0.0035335 0.0000023 0.0000021 0.0009475 0.0096671 0.0103251 0.0056597 0.0083947 0.0030248 0.0107609 0.0132123 0.0028577 0.0116667 0.0101518 0.0109349 0.0022143 0.0077021 0.0100055 0.0000020 0.0106480 0.0102446 0.0097267 0.0000024 0.0113239 0.0099311 0.0114355 0.0106676 0.0107779 0.0106186 0.0105580 0.0028402 0.0010416 0.0000010 0.0023428 0.0007369 0.0095888 0.0022598 0.0007675 0.0107609 0.0113175 0.0098938 0.0098288 0.0100177 0.0093738 0.0102387 0.0098407 0.0092258 0.0096671 0.0100238 0.0102797 0.0100238 0.0099662 0.0121810 0.0009118 0.0094404 0.0104237 0.0123676 0.0022595 0.0096605 0.0095709 0.0096044 0.0103771 0.0143813 0.0095467 0.0110426 0.0014469 0.0000020 0.0095467 0.0095467 0.0095655 0.0023875 0.0000021 0.0000021 0.0007730 0.0155138 0.0123503 0.0104310 0.0194621 0.0101899 0.0102771 0.0092872 0.0136034 0.0149609 0.0106903 0.0031779 0.0122376 0.0095725 0.0106625 0.0104206 0.0105082 0.0100034 0.0116252 0.0325788 0.0372479 0.0325788 0.0168156 
KU174461_Eimeria_apionodes                      0.0253151 0.0323069 0.0363576 0.0007364 0.0166273 0.0000020 0.0000000 0.0036498 0.0042777 0.0054252 0.0036263 0.0000010 0.0037056 0.0040385 0.0000010 0.0000010 0.0035141 0.0021611 0.0000025 0.0000010 0.0058696 0.0062338 0.0013377 0.0000010 0.0021646 0.0028877 0.0014431 0.0043627 0.0009109 0.0100090 0.0141177 0.0043569 0.0206542 0.0173428 0.0241584 0.0187913 0.0164109 0.0164128 0.0007196 0.0058604 0.0043448 0.0141112 0.0141112 0.0072845 0.0065825 0.0118461 0.0127795 0.0179934 0.0000010 0.0000010 0.0030935 0.0000010 0.0010525 0.0012814 0.0000010 0.0000010 0.0000025 0.0000010 0.0000010 0.0000010 0.0000010 0.0000010 0.0000010 0.0000010 0.0000010 0.0000010 0.0110684 0.0028992 0.0165437 0.0188790 0.0261239 0.0196658 0.0180714 0.0286659 0.0408537 0.0188843 0.0236456 0.0260345 0.0180642 0.0188236 0.0027070 0.0023525 0.0021611 0.0029469 0.0000010 0.0021623 0.0163145 0.0022352 0.0101260 0.0028402 0.0076006 0.0096742 0.0106442 0.0106442 0.0068374 0.0106728 0.0009597 0.0106480 0.0106962 0.0000023 0.0091647 0.0107236 0.0035300 0.0000023 0.0000021 0.0018950 0.0096565 0.0103155 0.0056537 0.0083875 0.0030224 0.0107514 0.0131991 0.0028547 0.0116538 0.0101411 0.0109251 0.0022133 0.0076925 0.0099967 0.0000010 0.0106364 0.0102352 0.0097184 0.0000024 0.0113132 0.0099224 0.0114220 0.0106559 0.0107659 0.0106093 0.0105474 0.0028371 0.0010399 0.0000010 0.0023414 0.0007363 0.0095808 0.0022579 0.0007668 0.0107514 0.0113047 0.0098852 0.0098203 0.0100087 0.0093653 0.0102295 0.0098322 0.0092177 0.0096565 0.0100149 0.0102697 0.0100149 0.0099574 0.0121689 0.0009109 0.0094292 0.0104149 0.0123485 0.0022575 0.0096523 0.0095629 0.0095963 0.0103650 0.0143689 0.0095575 0.0110311 0.0014457 0.0000010 0.0095575 0.0095575 0.0095575 0.0023853 0.0000010 0.0000021 0.0007714 0.0154800 0.0123328 0.0104215 0.0194292 0.0101801 0.0102679 0.0092751 0.0135910 0.0149356 0.0106786 0.0031752 0.0122217 0.0095621 0.0106524 0.0104108 0.0104978 0.0099920 0.0116252 0.0325788 0.0372479 0.0325788 0.0168156 
KU174464_Eimeria_apionodes                      0.0386518 0.0732365 0.0510285 0.0050764 0.0289747 0.0036549 0.0036498 0.0000000 0.0163950 0.0198615 0.0086426 0.0056419 0.0089694 0.0142382 0.0036498 0.0036498 0.0066971 0.0061024 0.0000021 0.0036498 0.0125930 0.0162341 0.0129778 0.0036498 0.0061193 0.0061024 0.0048846 0.0048796 0.0060740 0.0156246 0.0202620 0.0098664 0.0284363 0.0273897 0.0444639 0.0271669 0.0283511 0.0270307 0.0048905 0.0112095 0.0073674 0.0243031 0.0243031 0.0136637 0.0112102 0.0230232 0.0233873 0.0298578 0.0036548 0.0039420 0.0150226 0.0036498 0.0105308 0.0069811 0.0036498 0.0036498 0.0036751 0.0038584 0.0049041 0.0038786 0.0076436 0.0038654 0.0036532 0.0036498 0.0036702 0.0087271 0.0163412 0.0061024 0.0300869 0.0301013 0.0416455 0.0314648 0.0286475 0.0478566 0.0625257 0.0301161 0.0300400 0.0345320 0.0286175 0.0272575 0.0075665 0.0066563 0.0061024 0.0076096 0.0053466 0.0061083 0.0241679 0.0063130 0.0154277 0.0076219 0.0155122 0.0140567 0.0156247 0.0156247 0.0141530 0.0157119 0.0062469 0.0156522 0.0157489 0.0045634 0.0138067 0.0157940 0.0076494 0.0045555 0.0037356 0.0076365 0.0140320 0.0160684 0.0118561 0.0138082 0.0062373 0.0151489 0.0187732 0.0076759 0.0156522 0.0172769 0.0155243 0.0061426 0.0157493 0.0153898 0.0036498 0.0156247 0.0162146 0.0150680 0.0049589 0.0160352 0.0150467 0.0173442 0.0156522 0.0157597 0.0167287 0.0149450 0.0076087 0.0053466 0.0092455 0.0065183 0.0048734 0.0150467 0.0073781 0.0049809 0.0151489 0.0241859 0.0153898 0.0153898 0.0153898 0.0146717 0.0143578 0.0151489 0.0140809 0.0140320 0.0156246 0.0140809 0.0156246 0.0151489 0.0165040 0.0060740 0.0193110 0.0151192 0.0189984 0.0065713 0.0151188 0.0150467 0.0150467 0.0155631 0.0151619 0.0150467 0.0150467 0.0061421 0.0036561 0.0150467 0.0150467 0.0150467 0.0048734 0.0036498 0.0036549 0.0048734 0.0155589 0.0248126 0.0137685 0.0195058 0.0153618 0.0150467 0.0201578 0.0150467 0.0149943 0.0157597 0.0078947 0.0207226 0.0169668 0.0160352 0.0161563 0.0147171 0.0170046 0.0000010 0.0000010 0.0000010 0.0000010 0.0000010 
KU174480_Eimeria_apionodes                      0.0249075 0.0297835 0.0285217 0.0042690 0.0153980 0.0042742 0.0042777 0.0163950 0.0000000 0.0054387 0.0000010 0.0063247 0.0000010 0.0000010 0.0043687 0.0042690 0.0063194 0.0031968 0.0032081 0.0042777 0.0010612 0.0042602 0.0000010 0.0042690 0.0064300 0.0032032 0.0064454 0.0097560 0.0062332 0.0089797 0.0131030 0.0032120 0.0216550 0.0131666 0.0098219 0.0176537 0.0142030 0.0142150 0.0042690 0.0043048 0.0053522 0.0130942 0.0130942 0.0042491 0.0042806 0.0064574 0.0132466 0.0153630 0.0043422 0.0042690 0.0042690 0.0042690 0.0053688 0.0069869 0.0042777 0.0042690 0.0042943 0.0042690 0.0042777 0.0042690 0.0024530 0.0043369 0.0045313 0.0042777 0.0042777 0.0012600 0.0097650 0.0051453 0.0165464 0.0142820 0.0188621 0.0131781 0.0142820 0.0272624 0.0373434 0.0142820 0.0235712 0.0234467 0.0131709 0.0153601 0.0036889 0.0033710 0.0031968 0.0032032 0.0070656 0.0031968 0.0234595 0.0032686 0.0092377 0.0039062 0.0085735 0.0119612 0.0106162 0.0106162 0.0080318 0.0133307 0.0065389 0.0106054 0.0133568 0.0052310 0.0080174 0.0106273 0.0047214 0.0052310 0.0044118 0.0078585 0.0119491 0.0091587 0.0039873 0.0091677 0.0044968 0.0103440 0.0106557 0.0039101 0.0119850 0.0092377 0.0103719 0.0032997 0.0086155 0.0090826 0.0044791 0.0106054 0.0089874 0.0088754 0.0053762 0.0105985 0.0091667 0.0107147 0.0106162 0.0107037 0.0088642 0.0108606 0.0039062 0.0065445 0.0048153 0.0034015 0.0055474 0.0087003 0.0056932 0.0057810 0.0103440 0.0087003 0.0089347 0.0088480 0.0090998 0.0101066 0.0115792 0.0089874 0.0102323 0.0119491 0.0089874 0.0120607 0.0089874 0.0091587 0.0118481 0.0062332 0.0082139 0.0098836 0.0130317 0.0032226 0.0087601 0.0086764 0.0087212 0.0121288 0.0157555 0.0086513 0.0107623 0.0064766 0.0042812 0.0086513 0.0086513 0.0086691 0.0087414 0.0047611 0.0047886 0.0059677 0.0276857 0.0111557 0.0123845 0.0212218 0.0109529 0.0096537 0.0068817 0.0147542 0.0215703 0.0105857 0.0034582 0.0115941 0.0071559 0.0096135 0.0092377 0.0119269 0.0076304 0.0116252 0.0325788 0.0372479 0.0325788 0.0168156 
KU174483_Eimeria_apionodes                      0.0289175 0.0335852 0.0326416 0.0054094 0.0155700 0.0054156 0.0054252 0.0198615 0.0054387 0.0000000 0.0054387 0.0080785 0.0054387 0.0054387 0.0055421 0.0054094 0.0086726 0.0043244 0.0043392 0.0054252 0.0065534 0.0076159 0.0040470 0.0054094 0.0076046 0.0043296 0.0076233 0.0109918 0.0076074 0.0126245 0.0143942 0.0021565 0.0231495 0.0156313 0.0087936 0.0214058 0.0155103 0.0155236 0.0054094 0.0077043 0.0043121 0.0143970 0.0143843 0.0098316 0.0076535 0.0076376 0.0169080 0.0166925 0.0055082 0.0054094 0.0054094 0.0054140 0.0065369 0.0085455 0.0054252 0.0054094 0.0054429 0.0054094 0.0054252 0.0054140 0.0036900 0.0055014 0.0057515 0.0054252 0.0054252 0.0025279 0.0132918 0.0070226 0.0202749 0.0179476 0.0226612 0.0168192 0.0179476 0.0313350 0.0417514 0.0179476 0.0275158 0.0273669 0.0168097 0.0190429 0.0024818 0.0022661 0.0043208 0.0021506 0.0090483 0.0043208 0.0266480 0.0044228 0.0129954 0.0053011 0.0132303 0.0163740 0.0149855 0.0149855 0.0123722 0.0177938 0.0079872 0.0149700 0.0163740 0.0066559 0.0117159 0.0150017 0.0059970 0.0066559 0.0055987 0.0093325 0.0163558 0.0128816 0.0081874 0.0128945 0.0057070 0.0141092 0.0150436 0.0053065 0.0164067 0.0129954 0.0141484 0.0044655 0.0132964 0.0127736 0.0056843 0.0149700 0.0126357 0.0124744 0.0068438 0.0144646 0.0128932 0.0151294 0.0149855 0.0151134 0.0124585 0.0148306 0.0053011 0.0079942 0.0060225 0.0046054 0.0067584 0.0122237 0.0069388 0.0070474 0.0141092 0.0122237 0.0125597 0.0124362 0.0127971 0.0137782 0.0154019 0.0126357 0.0139533 0.0163558 0.0126357 0.0165128 0.0126357 0.0128816 0.0157680 0.0076074 0.0126593 0.0134681 0.0185077 0.0043597 0.0123084 0.0121895 0.0122536 0.0166102 0.0195622 0.0121430 0.0158518 0.0076666 0.0054297 0.0121430 0.0121430 0.0121791 0.0101608 0.0060481 0.0060833 0.0072778 0.0400182 0.0152440 0.0164995 0.0320012 0.0149603 0.0135954 0.0113166 0.0188970 0.0325693 0.0149415 0.0046835 0.0158588 0.0117795 0.0135375 0.0129954 0.0163247 0.0125848 0.0116252 0.0325788 0.0372479 0.0325788 0.0168156 
KU174462_Eimeria_apionodes                      0.0225592 0.0297835 0.0347517 0.0044552 0.0174273 0.0036239 0.0036263 0.0086426 0.0000010 0.0054387 0.0000000 0.0063460 0.0000010 0.0000010 0.0036783 0.0036213 0.0047294 0.0028940 0.0029009 0.0036263 0.0021765 0.0035255 0.0000010 0.0036213 0.0058196 0.0036255 0.0050922 0.0080641 0.0055366 0.0076683 0.0148770 0.0051012 0.0206856 0.0150001 0.0283004 0.0179779 0.0171755 0.0171775 0.0043583 0.0036458 0.0050913 0.0148701 0.0148701 0.0036018 0.0028952 0.0126002 0.0119865 0.0187635 0.0036632 0.0037885 0.0072748 0.0036213 0.0053155 0.0064849 0.0036263 0.0036213 0.0036362 0.0037417 0.0042786 0.0037531 0.0024530 0.0037872 0.0037716 0.0036263 0.0036383 0.0012600 0.0088083 0.0038955 0.0157375 0.0180614 0.0236915 0.0173045 0.0172589 0.0277924 0.0399060 0.0180665 0.0228032 0.0251804 0.0157228 0.0180086 0.0036353 0.0031563 0.0028940 0.0037001 0.0066752 0.0028956 0.0206789 0.0029963 0.0077577 0.0038155 0.0064961 0.0086845 0.0077029 0.0077029 0.0058456 0.0096776 0.0058367 0.0077056 0.0096988 0.0047842 0.0068461 0.0077600 0.0044436 0.0047790 0.0037522 0.0067153 0.0086687 0.0079025 0.0028131 0.0076095 0.0038008 0.0084138 0.0105116 0.0038351 0.0086969 0.0073403 0.0085491 0.0029684 0.0065744 0.0076590 0.0037404 0.0076972 0.0078411 0.0074465 0.0051381 0.0088519 0.0076023 0.0082629 0.0077113 0.0077906 0.0083030 0.0078747 0.0038113 0.0063283 0.0048153 0.0031413 0.0044609 0.0073415 0.0060812 0.0046480 0.0084138 0.0081769 0.0075738 0.0075244 0.0076682 0.0085670 0.0094228 0.0075333 0.0084323 0.0086687 0.0076728 0.0093924 0.0076728 0.0076290 0.0095184 0.0055366 0.0062516 0.0081513 0.0109362 0.0030281 0.0073961 0.0073278 0.0073533 0.0093029 0.0120527 0.0073135 0.0082339 0.0051087 0.0036320 0.0073135 0.0073135 0.0073237 0.0064280 0.0038944 0.0039089 0.0046817 0.0134748 0.0123435 0.0095993 0.0148289 0.0093108 0.0078659 0.0057612 0.0111462 0.0103723 0.0077276 0.0039942 0.0110778 0.0066605 0.0081596 0.0079752 0.0096006 0.0069584 0.0116252 0.0325788 0.0372479 0.0325788 0.0168156 
KU174463_Eimeria_apionodes                      0.0341096 0.0442940 0.0398363 0.0000010 0.0222855 0.0000028 0.0000010 0.0056419 0.0063247 0.0080785 0.0063460 0.0000000 0.0063460 0.0058152 0.0000010 0.0000010 0.0047148 0.0037631 0.0000024 0.0000010 0.0076513 0.0076444 0.0020135 0.0000010 0.0025091 0.0037720 0.0025160 0.0025051 0.0012503 0.0102546 0.0141377 0.0037787 0.0223372 0.0156442 0.0186984 0.0210109 0.0195012 0.0208510 0.0000010 0.0089508 0.0050364 0.0181760 0.0181760 0.0114872 0.0102844 0.0128957 0.0184169 0.0209713 0.0000010 0.0000010 0.0044973 0.0000010 0.0015448 0.0014414 0.0000010 0.0000010 0.0000024 0.0000010 0.0000010 0.0000010 0.0000010 0.0000010 0.0000010 0.0000010 0.0000010 0.0000010 0.0128994 0.0040290 0.0224474 0.0196704 0.0279658 0.0210398 0.0183525 0.0340265 0.0416830 0.0196704 0.0224224 0.0238656 0.0196773 0.0196615 0.0037720 0.0037720 0.0037631 0.0037720 0.0000010 0.0037668 0.0163786 0.0037631 0.0102546 0.0037631 0.0089568 0.0089568 0.0102546 0.0102546 0.0089568 0.0102761 0.0012521 0.0102546 0.0102854 0.0000028 0.0089683 0.0102694 0.0037668 0.0000028 0.0000028 0.0025064 0.0089568 0.0102546 0.0076363 0.0089694 0.0037631 0.0102546 0.0102546 0.0037721 0.0102546 0.0102546 0.0102650 0.0037631 0.0089694 0.0102546 0.0000010 0.0102546 0.0102546 0.0102546 0.0000028 0.0102546 0.0102546 0.0102546 0.0102546 0.0102546 0.0102546 0.0102546 0.0037631 0.0012526 0.0000010 0.0037631 0.0012503 0.0102546 0.0025137 0.0012503 0.0102546 0.0117645 0.0102546 0.0102546 0.0102546 0.0089568 0.0089568 0.0102546 0.0089568 0.0089568 0.0102546 0.0089568 0.0102546 0.0102546 0.0102546 0.0012503 0.0117918 0.0116812 0.0123811 0.0037860 0.0102832 0.0102546 0.0102546 0.0089965 0.0102844 0.0102546 0.0102546 0.0025213 0.0000010 0.0102546 0.0102546 0.0102546 0.0025113 0.0000010 0.0000028 0.0012503 0.0188456 0.0111228 0.0089568 0.0206377 0.0089568 0.0102546 0.0104921 0.0102546 0.0208419 0.0102546 0.0050410 0.0106811 0.0102546 0.0102546 0.0102546 0.0089568 0.0102546 0.0000010 0.0555963 0.0733040 0.0555963 0.0000010 
KU174468_Eimeria_apionodes                      0.0225592 0.0297835 0.0346588 0.0044552 0.0176205 0.0037031 0.0037056 0.0089694 0.0000010 0.0054387 0.0000010 0.0063460 0.0000000 0.0000010 0.0037599 0.0037004 0.0047294 0.0029572 0.0029643 0.0037056 0.0022093 0.0035255 0.0000010 0.0037004 0.0051983 0.0037048 0.0052039 0.0082423 0.0055366 0.0076683 0.0152105 0.0044552 0.0211631 0.0153393 0.0289711 0.0183836 0.0175619 0.0175640 0.0044538 0.0037228 0.0052029 0.0152034 0.0152034 0.0029410 0.0029584 0.0113305 0.0122442 0.0175972 0.0037441 0.0037885 0.0072748 0.0037004 0.0053155 0.0064849 0.0037056 0.0037004 0.0037159 0.0037417 0.0042786 0.0037531 0.0024530 0.0037872 0.0038575 0.0037056 0.0037056 0.0012600 0.0090033 0.0040108 0.0160930 0.0176472 0.0233824 0.0168756 0.0168303 0.0275623 0.0399188 0.0176522 0.0224783 0.0249013 0.0152652 0.0175946 0.0036353 0.0031563 0.0029572 0.0037100 0.0066752 0.0029589 0.0206789 0.0030029 0.0078175 0.0038155 0.0064961 0.0086845 0.0077029 0.0077029 0.0058456 0.0096776 0.0058367 0.0077056 0.0096988 0.0047842 0.0069971 0.0077600 0.0044436 0.0047790 0.0037856 0.0067153 0.0086687 0.0079025 0.0028131 0.0077774 0.0038352 0.0085720 0.0105116 0.0038351 0.0086969 0.0073403 0.0085876 0.0030226 0.0065744 0.0077287 0.0038248 0.0076972 0.0078411 0.0076072 0.0051381 0.0088519 0.0077767 0.0082629 0.0077113 0.0077906 0.0076007 0.0078747 0.0038113 0.0063283 0.0048153 0.0031413 0.0045609 0.0075040 0.0062207 0.0046908 0.0085720 0.0081769 0.0076420 0.0075916 0.0077381 0.0085670 0.0094228 0.0076728 0.0085091 0.0086687 0.0076728 0.0094878 0.0076728 0.0077721 0.0095184 0.0055366 0.0062516 0.0083335 0.0109362 0.0030281 0.0075394 0.0074897 0.0075164 0.0093029 0.0122906 0.0074748 0.0084622 0.0052212 0.0037116 0.0074748 0.0074748 0.0074854 0.0065841 0.0039861 0.0040012 0.0047920 0.0134748 0.0123435 0.0098313 0.0155071 0.0093108 0.0080528 0.0057612 0.0114142 0.0108466 0.0077276 0.0039942 0.0110778 0.0066605 0.0081596 0.0079752 0.0096006 0.0069584 0.0116252 0.0325788 0.0372479 0.0325788 0.0168156 
KU174479_Eimeria_apionodes                      0.0234378 0.0297835 0.0279324 0.0040308 0.0155999 0.0040349 0.0040385 0.0142382 0.0000010 0.0054387 0.0000010 0.0058152 0.0000010 0.0000000 0.0041194 0.0040308 0.0056592 0.0030187 0.0030287 0.0040385 0.0010023 0.0040228 0.0000010 0.0040308 0.0060696 0.0030244 0.0060834 0.0092033 0.0058306 0.0084542 0.0123558 0.0030322 0.0203866 0.0124122 0.0092618 0.0166372 0.0133927 0.0144512 0.0040308 0.0040626 0.0050526 0.0123480 0.0123480 0.0040130 0.0040411 0.0060941 0.0124835 0.0144829 0.0040959 0.0040308 0.0072748 0.0040308 0.0053155 0.0064849 0.0040385 0.0040308 0.0040532 0.0040308 0.0040385 0.0040308 0.0024530 0.0040912 0.0042637 0.0040385 0.0040385 0.0012600 0.0092112 0.0046990 0.0155937 0.0134629 0.0177703 0.0124226 0.0134629 0.0256494 0.0350784 0.0134629 0.0221919 0.0220817 0.0124162 0.0144803 0.0034537 0.0031735 0.0030187 0.0030244 0.0064369 0.0030187 0.0207613 0.0030825 0.0086824 0.0036435 0.0079446 0.0111411 0.0098893 0.0098893 0.0074772 0.0124140 0.0060973 0.0098800 0.0124366 0.0048778 0.0075387 0.0098989 0.0044317 0.0048778 0.0041584 0.0073342 0.0111306 0.0086126 0.0037139 0.0086206 0.0042331 0.0097250 0.0099235 0.0036468 0.0111617 0.0086824 0.0097497 0.0031102 0.0079809 0.0085461 0.0042175 0.0098800 0.0084610 0.0083616 0.0050028 0.0099496 0.0086197 0.0099746 0.0098893 0.0099650 0.0083517 0.0101803 0.0036435 0.0061022 0.0048153 0.0032005 0.0052261 0.0082059 0.0064472 0.0054329 0.0097250 0.0082059 0.0084143 0.0083380 0.0085605 0.0095149 0.0108814 0.0084610 0.0096262 0.0111306 0.0084610 0.0112275 0.0084610 0.0086126 0.0111185 0.0058306 0.0076350 0.0093168 0.0119534 0.0030415 0.0082591 0.0081846 0.0082245 0.0112873 0.0148311 0.0081623 0.0099176 0.0061113 0.0040416 0.0081623 0.0081623 0.0081781 0.0081759 0.0044666 0.0044905 0.0055976 0.0220389 0.0135779 0.0115895 0.0171745 0.0102611 0.0090487 0.0063951 0.0138135 0.0174017 0.0098629 0.0032507 0.0108219 0.0066303 0.0090134 0.0086824 0.0111113 0.0070356 0.0116252 0.0325788 0.0372479 0.0325788 0.0168156 
KU174449_Eimeria_apionodes                      0.0257511 0.0330742 0.0366899 0.0007471 0.0168651 0.0000020 0.0000010 0.0036498 0.0043687 0.0055421 0.0036783 0.0000010 0.0037599 0.0041194 0.0000000 0.0000010 0.0035141 0.0021918 0.0000026 0.0000010 0.0059548 0.0063373 0.0013377 0.0000010 0.0021954 0.0029155 0.0021890 0.0044000 0.0009109 0.0100090 0.0142403 0.0043940 0.0205979 0.0182559 0.0243786 0.0189569 0.0166522 0.0166541 0.0007307 0.0059210 0.0044070 0.0143180 0.0143180 0.0073832 0.0066776 0.0119557 0.0128919 0.0181615 0.0000010 0.0000010 0.0031569 0.0000010 0.0010746 0.0012814 0.0000010 0.0000010 0.0000025 0.0000010 0.0000010 0.0000010 0.0000010 0.0000010 0.0000010 0.0000010 0.0000010 0.0000010 0.0119082 0.0028774 0.0166889 0.0190450 0.0263573 0.0198402 0.0182299 0.0289239 0.0403041 0.0190504 0.0238556 0.0262663 0.0182226 0.0182140 0.0027070 0.0023511 0.0021918 0.0029898 0.0013151 0.0021884 0.0163145 0.0022365 0.0109050 0.0028402 0.0086863 0.0106414 0.0116117 0.0116117 0.0078141 0.0116428 0.0009597 0.0116157 0.0116684 0.0000023 0.0099285 0.0116982 0.0035300 0.0000023 0.0000021 0.0018950 0.0106220 0.0111089 0.0065960 0.0091501 0.0030224 0.0115194 0.0140787 0.0028547 0.0126247 0.0110629 0.0117055 0.0022133 0.0087913 0.0107657 0.0000010 0.0116030 0.0110226 0.0104660 0.0000024 0.0121212 0.0106857 0.0124601 0.0116244 0.0117442 0.0113672 0.0114263 0.0028371 0.0010399 0.0000010 0.0023414 0.0007363 0.0104422 0.0022446 0.0007668 0.0115194 0.0125409 0.0106456 0.0105821 0.0107787 0.0101457 0.0110164 0.0105886 0.0099859 0.0106220 0.0107854 0.0111255 0.0107854 0.0107234 0.0130380 0.0009109 0.0104766 0.0112195 0.0137206 0.0022898 0.0104829 0.0104363 0.0104422 0.0114012 0.0128387 0.0104422 0.0118646 0.0014572 0.0000010 0.0103755 0.0103755 0.0103875 0.0023705 0.0000010 0.0000021 0.0007667 0.0174151 0.0135661 0.0111530 0.0206805 0.0110284 0.0109895 0.0104344 0.0143005 0.0162390 0.0116491 0.0031752 0.0133328 0.0105182 0.0114717 0.0112116 0.0113726 0.0109911 0.0116252 0.0325788 0.0372479 0.0325788 0.0168156 
KU174450_Eimeria_apionodes                      0.0252556 0.0322025 0.0360334 0.0007349 0.0166273 0.0000020 0.0000010 0.0036498 0.0042690 0.0054094 0.0036213 0.0000010 0.0037004 0.0040308 0.0000010 0.0000000 0.0035141 0.0021581 0.0000025 0.0000010 0.0058615 0.0062189 0.0013377 0.0000010 0.0021605 0.0028691 0.0021529 0.0043272 0.0009109 0.0100090 0.0139999 0.0043214 0.0205853 0.0171957 0.0239463 0.0186324 0.0163779 0.0163798 0.0007181 0.0058604 0.0043364 0.0140914 0.0140831 0.0072703 0.0065696 0.0117545 0.0126717 0.0178523 0.0000010 0.0000010 0.0030850 0.0000010 0.0010525 0.0012814 0.0000010 0.0000010 0.0000025 0.0000010 0.0000010 0.0000010 0.0000010 0.0000010 0.0000010 0.0000010 0.0000010 0.0000010 0.0109767 0.0028753 0.0164039 0.0187187 0.0258979 0.0194995 0.0179184 0.0284157 0.0404843 0.0187239 0.0234427 0.0258101 0.0179113 0.0186642 0.0027070 0.0023525 0.0021569 0.0029411 0.0000010 0.0021547 0.0163145 0.0022352 0.0101260 0.0028402 0.0076006 0.0096742 0.0106442 0.0106442 0.0068374 0.0106728 0.0009597 0.0106480 0.0106962 0.0000023 0.0091647 0.0107236 0.0035300 0.0000023 0.0000021 0.0018950 0.0096565 0.0103155 0.0056537 0.0083875 0.0030224 0.0107514 0.0131991 0.0028547 0.0116538 0.0101411 0.0109251 0.0022133 0.0076925 0.0099967 0.0000010 0.0106364 0.0102352 0.0097184 0.0000024 0.0113132 0.0099224 0.0114220 0.0106559 0.0107659 0.0106093 0.0105474 0.0028371 0.0010399 0.0000010 0.0023414 0.0007363 0.0095808 0.0022434 0.0007668 0.0107514 0.0113047 0.0098852 0.0098203 0.0100087 0.0093653 0.0102295 0.0098322 0.0092177 0.0096565 0.0100149 0.0102697 0.0100149 0.0099574 0.0121689 0.0009109 0.0094292 0.0103749 0.0123485 0.0022575 0.0096523 0.0095629 0.0095963 0.0103650 0.0143689 0.0095387 0.0109443 0.0014368 0.0000010 0.0094787 0.0094787 0.0095028 0.0023691 0.0000010 0.0000021 0.0007673 0.0154800 0.0123328 0.0103500 0.0191812 0.0101801 0.0101984 0.0092751 0.0134978 0.0147453 0.0106786 0.0031752 0.0122217 0.0095621 0.0106524 0.0104108 0.0104978 0.0099920 0.0116252 0.0325788 0.0372479 0.0325788 0.0168156 
KU174465_Eimeria_apionodes                      0.0345554 0.0569493 0.0470595 0.0035141 0.0247195 0.0035187 0.0035141 0.0066971 0.0063194 0.0086726 0.0047294 0.0047148 0.0047294 0.0056592 0.0035141 0.0035141 0.0000000 0.0000010 0.0023478 0.0035141 0.0059436 0.0105820 0.0029801 0.0035141 0.0047042 0.0023433 0.0047022 0.0046960 0.0052419 0.0107996 0.0194657 0.0047022 0.0260461 0.0224242 0.0425522 0.0260745 0.0246677 0.0272204 0.0035141 0.0071442 0.0023433 0.0233373 0.0233373 0.0083104 0.0071540 0.0183069 0.0198284 0.0260285 0.0035188 0.0035141 0.0119028 0.0035141 0.0082565 0.0056148 0.0035141 0.0035141 0.0035375 0.0035141 0.0041876 0.0035141 0.0027415 0.0035141 0.0035172 0.0035141 0.0035141 0.0000010 0.0120274 0.0000010 0.0261880 0.0274840 0.0344200 0.0261999 0.0235521 0.0429243 0.0566694 0.0274969 0.0274307 0.0316720 0.0222606 0.0247897 0.0025990 0.0023433 0.0000010 0.0023433 0.0045062 0.0000010 0.0183959 0.0000010 0.0107996 0.0000010 0.0116587 0.0107206 0.0093523 0.0093523 0.0107836 0.0121223 0.0053703 0.0093664 0.0121468 0.0039372 0.0095954 0.0094388 0.0000010 0.0039313 0.0035187 0.0065853 0.0107044 0.0107996 0.0063833 0.0120315 0.0000010 0.0107996 0.0133194 0.0000010 0.0093664 0.0101846 0.0108098 0.0000010 0.0118085 0.0107996 0.0035141 0.0093523 0.0107996 0.0107996 0.0042282 0.0107996 0.0107996 0.0102182 0.0093664 0.0094214 0.0107996 0.0090014 0.0000010 0.0045068 0.0069913 0.0000010 0.0046918 0.0107996 0.0071004 0.0046918 0.0107996 0.0134050 0.0107996 0.0107996 0.0107996 0.0120159 0.0120159 0.0107996 0.0120159 0.0107044 0.0107996 0.0120159 0.0107996 0.0107996 0.0103221 0.0052419 0.0117985 0.0108486 0.0137969 0.0000025 0.0107996 0.0107996 0.0107996 0.0116904 0.0108289 0.0107996 0.0107996 0.0059104 0.0035199 0.0107996 0.0107996 0.0107996 0.0046918 0.0035141 0.0035187 0.0046918 0.0174530 0.0170608 0.0120159 0.0166487 0.0121645 0.0107996 0.0115757 0.0107996 0.0150433 0.0094214 0.0011707 0.0152891 0.0110326 0.0107996 0.0107996 0.0120159 0.0110537 0.0000010 0.0000010 0.0000010 0.0000010 0.0000010 
KU174467_Eimeria_apionodes                      0.0243735 0.0309894 0.0354777 0.0029496 0.0158550 0.0021599 0.0021611 0.0061024 0.0031968 0.0043244 0.0028940 0.0037631 0.0029572 0.0030187 0.0021918 0.0021581 0.0000010 0.0000000 0.0014407 0.0021611 0.0051234 0.0071195 0.0013377 0.0021581 0.0043350 0.0021606 0.0036126 0.0065529 0.0036595 0.0092290 0.0148521 0.0036219 0.0206499 0.0165476 0.0265321 0.0195320 0.0156267 0.0171486 0.0028859 0.0051225 0.0036120 0.0148453 0.0148453 0.0065403 0.0058369 0.0125793 0.0127613 0.0187318 0.0021829 0.0022571 0.0061992 0.0021581 0.0042271 0.0051503 0.0021611 0.0021581 0.0021669 0.0022294 0.0025468 0.0022362 0.0012209 0.0022563 0.0022471 0.0021611 0.0021682 0.0000010 0.0103053 0.0000010 0.0172854 0.0196222 0.0252927 0.0188629 0.0188129 0.0294215 0.0416256 0.0196277 0.0243931 0.0267832 0.0172691 0.0195646 0.0018024 0.0015666 0.0000010 0.0022047 0.0039559 0.0000010 0.0183959 0.0000010 0.0093368 0.0000010 0.0086970 0.0106531 0.0096636 0.0096636 0.0078227 0.0116556 0.0038563 0.0096670 0.0116812 0.0028452 0.0083919 0.0097356 0.0008794 0.0028422 0.0022355 0.0047539 0.0106336 0.0095115 0.0047052 0.0091580 0.0007533 0.0099726 0.0123042 0.0000010 0.0106684 0.0092073 0.0101336 0.0000010 0.0088023 0.0092177 0.0022286 0.0096565 0.0094375 0.0089613 0.0030534 0.0104933 0.0091493 0.0103688 0.0096742 0.0097740 0.0098410 0.0096566 0.0000010 0.0041769 0.0035871 0.0000010 0.0029533 0.0088346 0.0045286 0.0030763 0.0099726 0.0102612 0.0091150 0.0090552 0.0092288 0.0101546 0.0110262 0.0090661 0.0099946 0.0106336 0.0092345 0.0111362 0.0092345 0.0091815 0.0112860 0.0036595 0.0083690 0.0096607 0.0137418 0.0000021 0.0089005 0.0088181 0.0088489 0.0114146 0.0135983 0.0088009 0.0100988 0.0036243 0.0021644 0.0088009 0.0088009 0.0088131 0.0047850 0.0023197 0.0023281 0.0030985 0.0174530 0.0135848 0.0112334 0.0178971 0.0110390 0.0094675 0.0081024 0.0127772 0.0134133 0.0096948 0.0007913 0.0133493 0.0085944 0.0098218 0.0095993 0.0113838 0.0089803 0.0116252 0.0325788 0.0372479 0.0325788 0.0168156 
KU174474_Eimeria_apionodes                      0.0244432 0.0311115 0.0355689 0.0007370 0.0158949 0.0000020 0.0000025 0.0000021 0.0032081 0.0043392 0.0029009 0.0000024 0.0029643 0.0030287 0.0000026 0.0000025 0.0023478 0.0014407 0.0000000 0.0000025 0.0051359 0.0062401 0.0013418 0.0000025 0.0021664 0.0021658 0.0014443 0.0043661 0.0009143 0.0092526 0.0133750 0.0036307 0.0199186 0.0165890 0.0241798 0.0180407 0.0156654 0.0156673 0.0007211 0.0051349 0.0036206 0.0133688 0.0133688 0.0065560 0.0058510 0.0111057 0.0120278 0.0172444 0.0000025 0.0000026 0.0030971 0.0000025 0.0010559 0.0012864 0.0000025 0.0000025 0.0000025 0.0000026 0.0000028 0.0000026 0.0000020 0.0000026 0.0000026 0.0000025 0.0000025 0.0000022 0.0103304 0.0019363 0.0157921 0.0181247 0.0253564 0.0189106 0.0173191 0.0278922 0.0400552 0.0181298 0.0228835 0.0252696 0.0173123 0.0180716 0.0018078 0.0015705 0.0014407 0.0022101 0.0000024 0.0014415 0.0143304 0.0014922 0.0093609 0.0018960 0.0065281 0.0087229 0.0096946 0.0096946 0.0058709 0.0097204 0.0009635 0.0096976 0.0097414 0.0000023 0.0084128 0.0097670 0.0026519 0.0000023 0.0000021 0.0019004 0.0087069 0.0095367 0.0047199 0.0076359 0.0022700 0.0099981 0.0123399 0.0019066 0.0107027 0.0092354 0.0101599 0.0014775 0.0066074 0.0092412 0.0000026 0.0096868 0.0094617 0.0089836 0.0000025 0.0105216 0.0091725 0.0104045 0.0097052 0.0098057 0.0098658 0.0096847 0.0018939 0.0010436 0.0000023 0.0015631 0.0007379 0.0088562 0.0022630 0.0007686 0.0099981 0.0102968 0.0091379 0.0090779 0.0092522 0.0085977 0.0094567 0.0090889 0.0084619 0.0087069 0.0092581 0.0094291 0.0092581 0.0092048 0.0113185 0.0009143 0.0083985 0.0096844 0.0110041 0.0015070 0.0089218 0.0088396 0.0088705 0.0093470 0.0136324 0.0088223 0.0101295 0.0014489 0.0000025 0.0088223 0.0088223 0.0088346 0.0023911 0.0000026 0.0000021 0.0007742 0.0135448 0.0111252 0.0096342 0.0179346 0.0093469 0.0094923 0.0081335 0.0128111 0.0134414 0.0097250 0.0023850 0.0111347 0.0086216 0.0098482 0.0096249 0.0096390 0.0090096 0.0116252 0.0325788 0.0372479 0.0325788 0.0168156 
