193
MH751925.1_Eimeria_ferrisi                      0.0000000 0.0096901 0.0010622 0.0009433 0.0000010 0.0000010 0.0009574 0.0018924 0.0118644 0.0000010 0.0018968 0.0106953 0.0000021 0.0000010 0.0099260 0.0106838 0.0101680 0.0126784 0.0009416 0.0000010 0.0018701 0.0015218 0.0101773 0.0007612 0.0017098 0.0097416 0.0009448 0.0000010 0.0007640 0.0093653 0.0010747 0.0000010 0.0101594 0.0000010 0.0000010 0.0000010 0.0083010 0.0007867 0.0000010 0.0000010 0.0000010 0.0000010 0.0000010 0.0008574 0.0096798 0.0128899 0.0123316 0.0096087 0.0109523 0.0000010 0.0125974 0.0110584 0.0007612 0.0000010 0.0000010 0.0000010 0.0000010 0.0007770 0.0015393 0.0000010 0.0007597 0.0009416 0.0000010 0.0008348 0.0000010 0.0000010 0.0025464 0.0112495 0.0010227 0.0000027 0.0040111 0.0096550 0.0000010 0.0000010 0.0000010 0.0010088 0.0000010 0.0000010 0.0018259 0.0117999 0.0101702 0.0000010 0.0000010 0.0000010 0.0133183 0.0104700 0.0105101 0.0112974 0.0037290 0.0036027 0.0015889 0.0044372 0.0008263 0.0000010 0.0000010 0.0031659 0.0000010 0.0000010 0.0105757 0.0021607 0.0000010 0.0000010 0.0000010 0.0008515 0.0000010 0.0256933 0.0350512 0.0391781 0.0110652 0.0208693 0.0101680 0.0101594 0.0155166 0.0092714 0.0130533 0.0077784 0.0102825 0.0078382 0.0087121 0.0109429 0.0101594 0.0108405 0.0093712 0.0093901 0.0101594 0.0101753 0.0123646 0.0068500 0.0101594 0.0117690 0.0101728 0.0117824 0.0117691 0.0112495 0.0000010 0.0167163 0.0118055 0.0209880 0.0078159 0.0360315 0.0192062 0.0208410 0.0208411 0.0109785 0.0118012 0.0117802 0.0183387 0.0183387 0.0133414 0.0094044 0.0150760 0.0186260 0.0208871 0.0101594 0.0104939 0.0146905 0.0101594 0.0127032 0.0105222 0.0101594 0.0101594 0.0102028 0.0103557 0.0100443 0.0103893 0.0092897 0.0103670 0.0101720 0.0101594 0.0101594 0.0040967 0.0015275 0.0090740 0.0227161 0.0209601 0.0262411 0.0201460 0.0200891 0.0298193 0.0401706 0.0209697 0.0244222 0.0244474 0.0167900 0.0184231 0.0092278 0.0097323 0.0093712 0.0102375 0.0108233 0.0093713 0.0275675 0.0094214 
MH751926.1_Eimeria_vermiformis                  0.0096901 0.0000000 0.0087160 0.0106807 0.0096975 0.0096975 0.0078356 0.0116886 0.0038559 0.0096901 0.0117166 0.0028448 0.0087147 0.0097596 0.0000010 0.0028448 0.0028426 0.0047556 0.0106726 0.0096901 0.0048457 0.0096983 0.0000010 0.0096901 0.0097230 0.0000010 0.0106984 0.0102904 0.0096978 0.0000010 0.0088209 0.0096901 0.0028397 0.0096901 0.0096901 0.0096901 0.0030525 0.0096901 0.0096901 0.0103952 0.0096975 0.0097954 0.0096901 0.0096901 0.0000010 0.0041789 0.0041571 0.0000010 0.0037911 0.0096976 0.0047585 0.0037911 0.0096901 0.0124072 0.0096901 0.0096901 0.0096901 0.0106726 0.0106726 0.0096901 0.0106726 0.0106726 0.0096901 0.0107441 0.0096901 0.0096901 0.0096901 0.0037911 0.0083851 0.0097498 0.0138044 0.0000024 0.0097104 0.0096901 0.0096976 0.0114470 0.0097109 0.0096976 0.0096957 0.0047709 0.0028434 0.0096901 0.0096901 0.0096976 0.0047561 0.0028397 0.0028426 0.0037911 0.0183461 0.0159514 0.0106726 0.0136275 0.0106726 0.0096901 0.0081230 0.0117143 0.0137290 0.0097310 0.0009462 0.0137590 0.0071637 0.0096901 0.0096901 0.0106726 0.0074967 0.0243389 0.0342915 0.0329666 0.0028397 0.0156966 0.0028426 0.0028397 0.0076375 0.0039109 0.0053098 0.0038174 0.0037634 0.0038174 0.0036475 0.0028397 0.0028397 0.0000010 0.0000010 0.0018956 0.0028397 0.0047907 0.0084057 0.0015894 0.0028397 0.0047520 0.0018938 0.0047623 0.0047557 0.0037911 0.0096901 0.0146486 0.0018962 0.0219165 0.0201083 0.0361784 0.0177549 0.0146371 0.0176785 0.0028397 0.0057624 0.0037971 0.0146371 0.0146371 0.0076735 0.0077269 0.0106705 0.0138313 0.0177265 0.0028397 0.0028397 0.0075420 0.0028397 0.0051503 0.0051589 0.0028397 0.0028397 0.0028545 0.0028397 0.0029712 0.0028397 0.0015192 0.0028397 0.0028418 0.0028397 0.0028397 0.0000010 0.0117206 0.0000010 0.0178087 0.0178172 0.0241652 0.0168194 0.0157511 0.0285340 0.0412235 0.0178272 0.0241091 0.0241398 0.0147398 0.0167425 0.0018938 0.0018938 0.0000010 0.0018938 0.0039566 0.0000010 0.0185042 0.0000010 
MH751927.1_Eimeria_ferrisi                      0.0010622 0.0087160 0.0000000 0.0000010 0.0010622 0.0010622 0.0000010 0.0010642 0.0087265 0.0010622 0.0010651 0.0076244 0.0010659 0.0010657 0.0087315 0.0076244 0.0076244 0.0098283 0.0000010 0.0010622 0.0032190 0.0000025 0.0087160 0.0010622 0.0010622 0.0087421 0.0010622 0.0010622 0.0010632 0.0087160 0.0000025 0.0010622 0.0076156 0.0010622 0.0010622 0.0010622 0.0076337 0.0010622 0.0010622 0.0010648 0.0010622 0.0010622 0.0010622 0.0010622 0.0087160 0.0090914 0.0092525 0.0087160 0.0087160 0.0010631 0.0098520 0.0087160 0.0010622 0.0012887 0.0010622 0.0010622 0.0010622 0.0000010 0.0000010 0.0010622 0.0000010 0.0000010 0.0010622 0.0000010 0.0010622 0.0010622 0.0010622 0.0087160 0.0021642 0.0010694 0.0026677 0.0087606 0.0010647 0.0010622 0.0010631 0.0000025 0.0010648 0.0010631 0.0033703 0.0098817 0.0076269 0.0010622 0.0010622 0.0010631 0.0098464 0.0076156 0.0076244 0.0087160 0.0000010 0.0027727 0.0000010 0.0021014 0.0000010 0.0010622 0.0011646 0.0010622 0.0021183 0.0010622 0.0098495 0.0011835 0.0010648 0.0010622 0.0010622 0.0000010 0.0011164 0.0275111 0.0395698 0.0391963 0.0076156 0.0225376 0.0076244 0.0076156 0.0155959 0.0086026 0.0132872 0.0065068 0.0089784 0.0065068 0.0079696 0.0087055 0.0076156 0.0117000 0.0087235 0.0065398 0.0076156 0.0076253 0.0112663 0.0035350 0.0076156 0.0098368 0.0087345 0.0098610 0.0098307 0.0087160 0.0010638 0.0154835 0.0087475 0.0225843 0.0110212 0.0375605 0.0190451 0.0212808 0.0224952 0.0076156 0.0110000 0.0109493 0.0189809 0.0189809 0.0119999 0.0098766 0.0144177 0.0168539 0.0225645 0.0076156 0.0076156 0.0124567 0.0076156 0.0099508 0.0093350 0.0076156 0.0076156 0.0076611 0.0076156 0.0076156 0.0076156 0.0050760 0.0076156 0.0076222 0.0076156 0.0076156 0.0000010 0.0032150 0.0100939 0.0202695 0.0202804 0.0287591 0.0214634 0.0167720 0.0300956 0.0432444 0.0202934 0.0263050 0.0263431 0.0179043 0.0178934 0.0087345 0.0087345 0.0087235 0.0087345 0.0094504 0.0087237 0.0253635 0.0087160 
MH751928.1_Eimeria_ferrisi                      0.0009433 0.0106807 0.0000010 0.0000000 0.0009433 0.0009433 0.0000010 0.0009455 0.0108591 0.0009433 0.0009470 0.0097082 0.0009461 0.0009491 0.0107178 0.0097082 0.0097082 0.0116853 0.0000010 0.0009433 0.0028899 0.0009440 0.0106807 0.0009433 0.0009457 0.0107294 0.0009433 0.0010000 0.0009440 0.0106807 0.0000025 0.0009433 0.0096975 0.0009433 0.0009433 0.0009433 0.0072516 0.0009433 0.0009433 0.0010092 0.0009433 0.0009526 0.0009433 0.0009433 0.0106807 0.0118059 0.0128531 0.0106807 0.0106807 0.0009440 0.0117007 0.0106807 0.0009433 0.0011983 0.0009433 0.0009433 0.0009433 0.0000010 0.0000010 0.0009433 0.0000010 0.0000010 0.0009433 0.0000010 0.0009433 0.0009433 0.0009433 0.0106807 0.0020488 0.0009489 0.0026677 0.0107298 0.0009452 0.0009433 0.0009440 0.0000025 0.0009452 0.0009440 0.0031569 0.0117325 0.0097104 0.0009433 0.0009433 0.0009440 0.0116949 0.0096975 0.0097082 0.0106807 0.0019390 0.0025645 0.0000010 0.0018657 0.0000010 0.0009433 0.0011303 0.0028505 0.0018790 0.0009471 0.0116981 0.0011068 0.0010007 0.0009433 0.0009433 0.0000010 0.0010461 0.0286361 0.0410093 0.0399496 0.0096975 0.0230119 0.0097082 0.0096975 0.0141229 0.0120126 0.0164582 0.0087030 0.0089784 0.0087030 0.0111855 0.0106694 0.0096975 0.0107534 0.0106890 0.0087423 0.0096975 0.0097085 0.0149271 0.0080952 0.0096975 0.0116847 0.0107009 0.0117103 0.0107028 0.0106807 0.0009445 0.0178267 0.0107151 0.0242194 0.0107601 0.0424477 0.0188873 0.0218928 0.0229735 0.0096975 0.0127305 0.0126783 0.0198470 0.0198470 0.0136099 0.0107360 0.0157840 0.0179969 0.0230363 0.0096975 0.0096975 0.0154986 0.0096975 0.0132411 0.0091876 0.0096975 0.0096975 0.0097494 0.0096975 0.0101576 0.0096975 0.0093338 0.0096975 0.0097050 0.0096975 0.0096975 0.0048392 0.0028520 0.0093814 0.0209977 0.0210077 0.0274777 0.0220594 0.0189028 0.0297880 0.0426225 0.0210197 0.0253116 0.0253440 0.0178751 0.0178654 0.0107009 0.0107009 0.0106890 0.0107009 0.0094504 0.0106892 0.0253635 0.0106807 
MH751929.1_Eimeria_ferrisi                      0.0000010 0.0096975 0.0010622 0.0009433 0.0000000 0.0000010 0.0009574 0.0018938 0.0118644 0.0000010 0.0018968 0.0106953 0.0000024 0.0000010 0.0097207 0.0106838 0.0106838 0.0126784 0.0009423 0.0000010 0.0019221 0.0018886 0.0096871 0.0000010 0.0000010 0.0097416 0.0000010 0.0000010 0.0000010 0.0096871 0.0010747 0.0000010 0.0106719 0.0000010 0.0000010 0.0000010 0.0083010 0.0000010 0.0000010 0.0000010 0.0000010 0.0000010 0.0000010 0.0000010 0.0096871 0.0129009 0.0143138 0.0096871 0.0116567 0.0000010 0.0126812 0.0116567 0.0000010 0.0000010 0.0000010 0.0000010 0.0000010 0.0009423 0.0009423 0.0000010 0.0009423 0.0009423 0.0000010 0.0009477 0.0000010 0.0000010 0.0000010 0.0116567 0.0010227 0.0000020 0.0040111 0.0097315 0.0000010 0.0000010 0.0000010 0.0010088 0.0000010 0.0000010 0.0020992 0.0127159 0.0106861 0.0000010 0.0000010 0.0000010 0.0126749 0.0106719 0.0106838 0.0116567 0.0038818 0.0038548 0.0009423 0.0000010 0.0009423 0.0000010 0.0000010 0.0018959 0.0000010 0.0000010 0.0106983 0.0022176 0.0000010 0.0000010 0.0000010 0.0009423 0.0000010 0.0275778 0.0394139 0.0388038 0.0106719 0.0240229 0.0106838 0.0106719 0.0157030 0.0106588 0.0150593 0.0077180 0.0102825 0.0077180 0.0099261 0.0116444 0.0106719 0.0093787 0.0096946 0.0097182 0.0106719 0.0087173 0.0138417 0.0080952 0.0106719 0.0126640 0.0097054 0.0126916 0.0116820 0.0116567 0.0000010 0.0188253 0.0097183 0.0241928 0.0097589 0.0435526 0.0198900 0.0228980 0.0239829 0.0106719 0.0117239 0.0116758 0.0208485 0.0208485 0.0126074 0.0097372 0.0167779 0.0190050 0.0240483 0.0106719 0.0106719 0.0168247 0.0106719 0.0145959 0.0105222 0.0106719 0.0106719 0.0107291 0.0106719 0.0111911 0.0106719 0.0109161 0.0106719 0.0106802 0.0106719 0.0106719 0.0048392 0.0018969 0.0081856 0.0220071 0.0220175 0.0263970 0.0210070 0.0199064 0.0308280 0.0437063 0.0220301 0.0263352 0.0263690 0.0168424 0.0188661 0.0097054 0.0097054 0.0096946 0.0097054 0.0108233 0.0096948 0.0275675 0.0096871 
MH751930.1_Eimeria_ferrisi                      0.0000010 0.0096975 0.0010622 0.0009433 0.0000010 0.0000000 0.0009574 0.0018938 0.0118644 0.0000010 0.0018968 0.0106953 0.0000024 0.0000010 0.0097207 0.0106838 0.0106838 0.0126784 0.0009423 0.0000010 0.0019221 0.0018886 0.0096871 0.0000010 0.0000010 0.0097416 0.0000010 0.0000010 0.0000010 0.0096871 0.0010747 0.0000010 0.0106719 0.0000010 0.0000010 0.0000010 0.0083010 0.0000010 0.0000010 0.0000010 0.0000010 0.0000010 0.0000010 0.0000010 0.0096871 0.0129009 0.0143138 0.0096871 0.0116567 0.0000010 0.0126812 0.0116567 0.0000010 0.0000010 0.0000010 0.0000010 0.0000010 0.0009423 0.0009423 0.0000010 0.0009423 0.0009423 0.0000010 0.0009477 0.0000010 0.0000010 0.0000010 0.0116567 0.0010227 0.0000020 0.0040111 0.0097315 0.0000010 0.0000010 0.0000010 0.0010088 0.0000010 0.0000010 0.0020992 0.0127159 0.0106861 0.0000010 0.0000010 0.0000010 0.0126749 0.0106719 0.0106838 0.0116567 0.0038818 0.0038548 0.0009423 0.0000010 0.0009423 0.0000010 0.0000010 0.0018959 0.0000010 0.0000010 0.0106983 0.0022176 0.0000010 0.0000010 0.0000010 0.0009423 0.0000010 0.0275778 0.0394139 0.0388038 0.0106719 0.0240229 0.0106838 0.0106719 0.0157030 0.0106588 0.0150593 0.0077180 0.0102825 0.0077180 0.0099261 0.0116444 0.0106719 0.0093787 0.0096946 0.0097182 0.0106719 0.0087173 0.0138417 0.0080952 0.0106719 0.0126640 0.0097054 0.0126916 0.0116820 0.0116567 0.0000010 0.0188253 0.0097183 0.0241928 0.0097589 0.0435526 0.0198900 0.0228980 0.0239829 0.0106719 0.0117239 0.0116758 0.0208485 0.0208485 0.0126074 0.0097372 0.0167779 0.0190050 0.0240483 0.0106719 0.0106719 0.0168247 0.0106719 0.0145959 0.0105222 0.0106719 0.0106719 0.0107291 0.0106719 0.0111911 0.0106719 0.0109161 0.0106719 0.0106802 0.0106719 0.0106719 0.0048392 0.0018969 0.0081856 0.0220071 0.0220175 0.0263970 0.0210070 0.0199064 0.0308280 0.0437063 0.0220301 0.0263352 0.0263690 0.0168424 0.0188661 0.0097054 0.0097054 0.0096946 0.0097054 0.0108233 0.0096948 0.0275675 0.0096871 
MH751932.1_Eimeria_ferrisi                      0.0009574 0.0078356 0.0000010 0.0000010 0.0009574 0.0009574 0.0000000 0.0009589 0.0079335 0.0009574 0.0009605 0.0068548 0.0009600 0.0009627 0.0078621 0.0068548 0.0068548 0.0088335 0.0000010 0.0009574 0.0029020 0.0000024 0.0078356 0.0009574 0.0009574 0.0078707 0.0009574 0.0010114 0.0009581 0.0078356 0.0000025 0.0009574 0.0068467 0.0009574 0.0009574 0.0009574 0.0072516 0.0009574 0.0009574 0.0010137 0.0009574 0.0009574 0.0009574 0.0009574 0.0078356 0.0086278 0.0086232 0.0078356 0.0078356 0.0009581 0.0088526 0.0078356 0.0009574 0.0012141 0.0009574 0.0009574 0.0009574 0.0000010 0.0000010 0.0009574 0.0000010 0.0000010 0.0009574 0.0000010 0.0009574 0.0009574 0.0009574 0.0078356 0.0020488 0.0009632 0.0026677 0.0078717 0.0009594 0.0009574 0.0009581 0.0000025 0.0009594 0.0009581 0.0031714 0.0088764 0.0068559 0.0009574 0.0009574 0.0009581 0.0088482 0.0068467 0.0068548 0.0078356 0.0000010 0.0026025 0.0000010 0.0018810 0.0000010 0.0009574 0.0011303 0.0028934 0.0018945 0.0009574 0.0088506 0.0011203 0.0010050 0.0009574 0.0009574 0.0000010 0.0010509 0.0246292 0.0367056 0.0371444 0.0068467 0.0201902 0.0068548 0.0068467 0.0142195 0.0080560 0.0124195 0.0058518 0.0089784 0.0058518 0.0074983 0.0078263 0.0068467 0.0108164 0.0078407 0.0058789 0.0068467 0.0068546 0.0106964 0.0032623 0.0068467 0.0088403 0.0078496 0.0088599 0.0088355 0.0078356 0.0009586 0.0149463 0.0078602 0.0213195 0.0109268 0.0407250 0.0170720 0.0190762 0.0201560 0.0068467 0.0098793 0.0098384 0.0170202 0.0170202 0.0107864 0.0088726 0.0129381 0.0151154 0.0202119 0.0068467 0.0068467 0.0116905 0.0068467 0.0093235 0.0091876 0.0068467 0.0068467 0.0068832 0.0068467 0.0071430 0.0068467 0.0046999 0.0068467 0.0068520 0.0068467 0.0068467 0.0000010 0.0028949 0.0094293 0.0181600 0.0181688 0.0257085 0.0192232 0.0150375 0.0280272 0.0409361 0.0181792 0.0235293 0.0235598 0.0160514 0.0160425 0.0078496 0.0078496 0.0078407 0.0078496 0.0094504 0.0078409 0.0253635 0.0078356 
MH751933.1_Eimeria_ferrisi                      0.0018924 0.0116886 0.0010642 0.0009455 0.0018938 0.0018938 0.0009589 0.0000000 0.0118842 0.0018924 0.0018998 0.0107211 0.0018984 0.0019042 0.0117293 0.0107211 0.0107128 0.0126992 0.0009448 0.0018924 0.0038683 0.0018937 0.0116886 0.0018924 0.0018987 0.0117510 0.0028489 0.0020050 0.0018938 0.0116886 0.0010767 0.0018924 0.0107010 0.0018924 0.0018924 0.0018924 0.0083156 0.0018924 0.0018924 0.0020251 0.0018938 0.0019112 0.0018924 0.0018924 0.0116886 0.0129131 0.0143318 0.0116886 0.0116886 0.0018938 0.0127160 0.0116886 0.0018924 0.0024039 0.0018924 0.0018924 0.0018924 0.0009448 0.0009448 0.0018924 0.0009448 0.0009448 0.0018924 0.0009509 0.0018924 0.0018924 0.0018924 0.0116886 0.0030835 0.0019036 0.0040201 0.0117424 0.0018963 0.0018924 0.0018938 0.0010106 0.0018964 0.0018938 0.0042273 0.0127505 0.0107152 0.0018924 0.0018924 0.0018938 0.0127097 0.0107010 0.0107128 0.0116886 0.0019420 0.0038594 0.0009448 0.0018675 0.0009448 0.0018924 0.0022708 0.0038126 0.0018818 0.0018988 0.0127131 0.0022199 0.0020095 0.0018924 0.0018924 0.0009448 0.0021012 0.0297301 0.0426760 0.0411341 0.0107010 0.0240891 0.0107128 0.0107010 0.0157916 0.0133915 0.0178899 0.0097005 0.0103038 0.0097005 0.0124667 0.0116761 0.0107010 0.0121637 0.0116977 0.0097446 0.0107010 0.0107131 0.0160349 0.0097527 0.0107010 0.0126987 0.0117107 0.0127264 0.0117129 0.0116886 0.0018949 0.0188769 0.0117263 0.0253093 0.0117758 0.0436784 0.0199447 0.0229608 0.0240488 0.0107010 0.0137533 0.0136969 0.0209057 0.0209057 0.0146280 0.0117492 0.0168238 0.0190576 0.0241146 0.0107010 0.0107010 0.0168437 0.0107010 0.0146129 0.0105456 0.0107010 0.0107010 0.0107583 0.0107010 0.0112012 0.0107010 0.0109311 0.0107010 0.0107093 0.0107010 0.0107010 0.0064782 0.0038146 0.0106042 0.0220678 0.0220783 0.0285869 0.0231358 0.0199612 0.0309144 0.0438300 0.0220909 0.0264083 0.0264424 0.0189282 0.0189180 0.0117107 0.0117107 0.0116977 0.0117107 0.0108480 0.0116979 0.0276642 0.0116886 
MH751934.1_Eimeria_falciformis                  0.0118644 0.0038559 0.0087265 0.0108591 0.0118644 0.0118644 0.0079335 0.0118842 0.0000000 0.0118644 0.0118942 0.0000024 0.0108673 0.0119227 0.0038661 0.0000024 0.0000024 0.0009605 0.0108591 0.0118644 0.0069175 0.0098679 0.0038559 0.0118644 0.0118972 0.0038661 0.0118644 0.0124092 0.0118741 0.0038559 0.0088317 0.0118644 0.0009600 0.0118644 0.0118644 0.0118644 0.0000025 0.0118644 0.0118644 0.0125255 0.0118644 0.0119362 0.0118644 0.0118644 0.0038559 0.0010422 0.0000010 0.0038559 0.0000010 0.0118738 0.0009626 0.0000010 0.0118644 0.0149575 0.0118644 0.0118644 0.0118644 0.0108591 0.0108591 0.0118644 0.0108591 0.0108591 0.0118644 0.0109247 0.0118644 0.0118644 0.0118644 0.0000010 0.0105249 0.0119393 0.0138044 0.0038735 0.0118898 0.0118644 0.0118738 0.0114601 0.0118904 0.0118738 0.0121087 0.0009651 0.0009613 0.0118644 0.0118644 0.0118738 0.0009621 0.0009600 0.0000024 0.0000010 0.0167366 0.0159684 0.0108591 0.0182230 0.0108591 0.0118644 0.0104791 0.0139470 0.0183642 0.0118644 0.0048392 0.0137716 0.0094008 0.0118644 0.0118644 0.0108591 0.0098470 0.0267746 0.0374763 0.0346796 0.0009600 0.0180214 0.0009611 0.0009600 0.0062569 0.0065518 0.0080048 0.0058412 0.0012516 0.0058412 0.0061083 0.0009600 0.0009600 0.0053727 0.0038589 0.0009628 0.0009600 0.0068422 0.0084225 0.0015913 0.0009600 0.0028920 0.0038632 0.0028983 0.0028942 0.0000010 0.0118644 0.0149062 0.0038683 0.0233591 0.0225833 0.0334080 0.0180700 0.0169279 0.0179909 0.0009600 0.0078384 0.0058096 0.0148944 0.0148944 0.0097850 0.0098545 0.0108570 0.0151029 0.0180407 0.0009600 0.0009600 0.0050141 0.0009600 0.0025680 0.0025695 0.0009600 0.0009600 0.0009651 0.0009600 0.0009894 0.0009600 0.0000010 0.0009600 0.0009608 0.0009600 0.0009600 0.0000010 0.0139549 0.0046879 0.0181258 0.0181345 0.0267283 0.0191870 0.0160303 0.0269038 0.0385094 0.0181449 0.0245441 0.0245759 0.0170487 0.0170393 0.0038632 0.0038632 0.0038589 0.0038632 0.0013157 0.0038589 0.0185042 0.0038559 
MH751935.1_Eimeria_ferrisi                      0.0000010 0.0096901 0.0010622 0.0009433 0.0000010 0.0000010 0.0009574 0.0018924 0.0118644 0.0000000 0.0018968 0.0106953 0.0000024 0.0000010 0.0097237 0.0106953 0.0106870 0.0126784 0.0009426 0.0000010 0.0019242 0.0018892 0.0096901 0.0000010 0.0000010 0.0097416 0.0009448 0.0000010 0.0000010 0.0096901 0.0010747 0.0000010 0.0106753 0.0000010 0.0000010 0.0000010 0.0083010 0.0000010 0.0000010 0.0000010 0.0000010 0.0000010 0.0000010 0.0000010 0.0096901 0.0128899 0.0142975 0.0096901 0.0116604 0.0000010 0.0126852 0.0116604 0.0000010 0.0000010 0.0000010 0.0000010 0.0000010 0.0009426 0.0009426 0.0000010 0.0009426 0.0009426 0.0000010 0.0009487 0.0000010 0.0000010 0.0000010 0.0116604 0.0010227 0.0000020 0.0040111 0.0097344 0.0000010 0.0000010 0.0000010 0.0010088 0.0000010 0.0000010 0.0021017 0.0127196 0.0106894 0.0000010 0.0000010 0.0000010 0.0126789 0.0106753 0.0106870 0.0116604 0.0038902 0.0038511 0.0009426 0.0000010 0.0009426 0.0000010 0.0000010 0.0018965 0.0000010 0.0000010 0.0107016 0.0022157 0.0000010 0.0000010 0.0000010 0.0009426 0.0000010 0.0275551 0.0393651 0.0388143 0.0106753 0.0240297 0.0106870 0.0106753 0.0157301 0.0106475 0.0150429 0.0077203 0.0102825 0.0077203 0.0099163 0.0116480 0.0106753 0.0093926 0.0096976 0.0097211 0.0106753 0.0087199 0.0138301 0.0080841 0.0106753 0.0126679 0.0097084 0.0126956 0.0116845 0.0116604 0.0000010 0.0188307 0.0097213 0.0241997 0.0097619 0.0435645 0.0198957 0.0229045 0.0239897 0.0106753 0.0117275 0.0116795 0.0208544 0.0208544 0.0126113 0.0097402 0.0167828 0.0190105 0.0240551 0.0106753 0.0106753 0.0168073 0.0106753 0.0145804 0.0105222 0.0106753 0.0106753 0.0107323 0.0106753 0.0111821 0.0106753 0.0109025 0.0106753 0.0106835 0.0106753 0.0106753 0.0048334 0.0018975 0.0081962 0.0220133 0.0220238 0.0264045 0.0210130 0.0199121 0.0308366 0.0437179 0.0220364 0.0263426 0.0263765 0.0168473 0.0188716 0.0097084 0.0097084 0.0096976 0.0097084 0.0108233 0.0096978 0.0275675 0.0096901 
MH751936.1_Eimeria_ferrisi                      0.0018968 0.0117166 0.0010651 0.0009470 0.0018968 0.0018968 0.0009605 0.0018998 0.0118942 0.0018968 0.0000000 0.0107386 0.0019028 0.0019058 0.0117481 0.0107386 0.0107386 0.0127199 0.0009470 0.0018968 0.0038746 0.0018981 0.0117166 0.0018968 0.0019018 0.0117608 0.0018968 0.0020084 0.0018983 0.0117166 0.0010777 0.0018968 0.0107267 0.0018968 0.0018968 0.0018968 0.0083230 0.0018968 0.0018968 0.0020269 0.0018968 0.0019143 0.0018968 0.0018968 0.0117166 0.0129360 0.0128531 0.0117166 0.0117166 0.0018982 0.0127467 0.0117166 0.0018968 0.0024086 0.0018968 0.0018968 0.0018968 0.0009470 0.0009470 0.0018968 0.0009470 0.0009470 0.0018968 0.0009524 0.0018968 0.0018968 0.0018968 0.0117166 0.0030862 0.0019080 0.0040248 0.0117708 0.0019007 0.0018968 0.0018982 0.0010114 0.0019008 0.0018982 0.0042348 0.0127814 0.0107410 0.0018968 0.0018968 0.0018982 0.0127403 0.0107267 0.0107386 0.0117166 0.0039221 0.0038676 0.0009470 0.0037722 0.0009470 0.0018968 0.0022730 0.0038216 0.0037994 0.0019032 0.0127438 0.0022239 0.0020129 0.0018968 0.0018968 0.0009470 0.0021049 0.0298052 0.0410093 0.0412410 0.0107267 0.0241489 0.0107386 0.0107267 0.0158333 0.0134211 0.0164582 0.0097237 0.0103152 0.0097237 0.0124923 0.0117042 0.0107267 0.0121912 0.0117258 0.0097681 0.0107267 0.0107388 0.0160630 0.0080952 0.0107267 0.0127292 0.0117389 0.0127571 0.0117410 0.0117166 0.0018993 0.0189233 0.0117545 0.0253727 0.0118043 0.0437955 0.0199939 0.0230175 0.0241084 0.0107267 0.0137866 0.0137299 0.0209571 0.0209571 0.0146633 0.0117775 0.0168650 0.0191049 0.0241745 0.0107267 0.0107267 0.0168796 0.0107267 0.0146449 0.0105574 0.0107267 0.0107267 0.0107843 0.0107267 0.0112200 0.0107267 0.0093338 0.0107267 0.0107350 0.0107267 0.0107267 0.0048392 0.0038236 0.0106252 0.0221225 0.0221331 0.0286590 0.0231934 0.0200104 0.0309930 0.0439453 0.0221458 0.0264746 0.0265088 0.0189749 0.0189645 0.0117389 0.0117389 0.0117258 0.0117389 0.0108605 0.0117260 0.0277126 0.0117166 
MH751937.1_Eimeria_falciformis                  0.0106953 0.0028448 0.0076244 0.0097082 0.0106953 0.0106953 0.0068548 0.0107211 0.0000024 0.0106953 0.0107386 0.0000000 0.0097156 0.0107639 0.0028543 0.0000010 0.0000010 0.0009469 0.0097082 0.0106953 0.0058303 0.0087335 0.0028448 0.0106953 0.0107235 0.0028573 0.0106953 0.0113601 0.0107038 0.0028448 0.0077168 0.0106953 0.0000024 0.0106953 0.0106953 0.0106953 0.0000025 0.0106953 0.0106953 0.0114668 0.0106953 0.0108038 0.0106953 0.0106953 0.0028448 0.0010410 0.0000010 0.0028448 0.0000024 0.0107036 0.0009484 0.0000024 0.0106953 0.0137071 0.0106953 0.0106953 0.0106953 0.0097082 0.0097082 0.0106953 0.0097082 0.0097082 0.0106953 0.0097650 0.0106953 0.0106953 0.0106953 0.0000024 0.0094597 0.0107611 0.0124203 0.0028576 0.0107178 0.0106953 0.0107036 0.0104043 0.0107183 0.0107036 0.0108042 0.0009506 0.0000024 0.0106953 0.0106953 0.0107036 0.0009479 0.0000024 0.0000010 0.0000024 0.0163002 0.0146332 0.0097082 0.0156559 0.0097082 0.0106953 0.0093126 0.0127338 0.0157731 0.0107405 0.0038081 0.0126208 0.0082091 0.0106953 0.0106953 0.0097082 0.0085927 0.0254412 0.0359662 0.0341168 0.0000024 0.0167341 0.0000024 0.0000024 0.0045700 0.0052397 0.0066683 0.0047877 0.0000028 0.0047877 0.0048850 0.0000024 0.0000024 0.0039385 0.0028469 0.0000024 0.0000024 0.0057681 0.0073592 0.0015913 0.0000024 0.0018962 0.0028501 0.0019003 0.0018975 0.0000024 0.0106953 0.0136800 0.0028537 0.0219634 0.0211865 0.0329173 0.0167785 0.0156655 0.0167062 0.0000024 0.0067448 0.0047622 0.0136693 0.0136693 0.0086615 0.0087220 0.0097063 0.0138582 0.0167517 0.0000024 0.0000024 0.0037593 0.0000024 0.0012836 0.0012835 0.0000024 0.0000024 0.0000024 0.0000024 0.0000024 0.0000024 0.0000010 0.0000024 0.0000024 0.0000024 0.0000024 0.0000010 0.0127408 0.0034464 0.0168296 0.0168376 0.0252584 0.0178693 0.0147755 0.0264797 0.0390865 0.0168471 0.0231190 0.0231484 0.0157756 0.0157670 0.0028501 0.0028501 0.0028469 0.0028501 0.0000028 0.0028470 0.0164402 0.0028448 
MH751938.1_Eimeria_ferrisi                      0.0000021 0.0087147 0.0010659 0.0009461 0.0000024 0.0000024 0.0009600 0.0018984 0.0108673 0.0000024 0.0019028 0.0097156 0.0000000 0.0000024 0.0090178 0.0097052 0.0093166 0.0116942 0.0009444 0.0000022 0.0009341 0.0014956 0.0093246 0.0007509 0.0017146 0.0087609 0.0009476 0.0000023 0.0007623 0.0084413 0.0010786 0.0000021 0.0091900 0.0000024 0.0000022 0.0000021 0.0072575 0.0007885 0.0000021 0.0000025 0.0000024 0.0000024 0.0007574 0.0008597 0.0087053 0.0118056 0.0110580 0.0087870 0.0099662 0.0000021 0.0116133 0.0102462 0.0007509 0.0000027 0.0000021 0.0000021 0.0000021 0.0007745 0.0015407 0.0000021 0.0007564 0.0009444 0.0000021 0.0008357 0.0000021 0.0000021 0.0025536 0.0103044 0.0010253 0.0000024 0.0040283 0.0087971 0.0000021 0.0000021 0.0000021 0.0010122 0.0000021 0.0000021 0.0018009 0.0107914 0.0091997 0.0000021 0.0000021 0.0000021 0.0122885 0.0095168 0.0095521 0.0103298 0.0037532 0.0036175 0.0015699 0.0043394 0.0008285 0.0000021 0.0000028 0.0031278 0.0000027 0.0000024 0.0097550 0.0021684 0.0000023 0.0000022 0.0000022 0.0008538 0.0000024 0.0265624 0.0335308 0.0384121 0.0102134 0.0198714 0.0091980 0.0091900 0.0138763 0.0080415 0.0117605 0.0068615 0.0089880 0.0070130 0.0075604 0.0099578 0.0091900 0.0096260 0.0084186 0.0084351 0.0091900 0.0092600 0.0113319 0.0067974 0.0091900 0.0115468 0.0092019 0.0107757 0.0107637 0.0103044 0.0000021 0.0155961 0.0107965 0.0197645 0.0076836 0.0344075 0.0188525 0.0196287 0.0196287 0.0099896 0.0107926 0.0107738 0.0171835 0.0171835 0.0123043 0.0084481 0.0156026 0.0174817 0.0213207 0.0091900 0.0096278 0.0134449 0.0091900 0.0114482 0.0091969 0.0091900 0.0091900 0.0092281 0.0095009 0.0090679 0.0095324 0.0078834 0.0095120 0.0092127 0.0091900 0.0092147 0.0040593 0.0015023 0.0079115 0.0214930 0.0205713 0.0257460 0.0197725 0.0197177 0.0292520 0.0393826 0.0205806 0.0239647 0.0239890 0.0164812 0.0180836 0.0082992 0.0088668 0.0084186 0.0093944 0.0094602 0.0084188 0.0254062 0.0085852 
MH751939.1_Eimeria_ferrisi                      0.0000010 0.0097596 0.0010657 0.0009491 0.0000010 0.0000010 0.0009627 0.0019042 0.0119227 0.0000010 0.0019058 0.0107639 0.0000024 0.0000000 0.0097674 0.0107639 0.0107639 0.0127501 0.0009491 0.0000010 0.0019364 0.0019024 0.0097596 0.0000010 0.0000010 0.0097858 0.0000010 0.0000010 0.0000010 0.0097596 0.0010770 0.0000010 0.0107519 0.0000010 0.0000010 0.0000010 0.0083439 0.0000010 0.0000010 0.0000010 0.0000010 0.0000010 0.0000010 0.0000010 0.0097596 0.0129390 0.0143307 0.0097596 0.0117442 0.0000010 0.0127768 0.0117442 0.0000010 0.0000010 0.0000010 0.0000010 0.0000010 0.0009491 0.0009491 0.0000010 0.0009491 0.0009491 0.0000010 0.0009546 0.0000010 0.0000010 0.0000010 0.0117442 0.0010267 0.0000020 0.0040111 0.0098046 0.0000010 0.0000010 0.0000010 0.0010128 0.0000010 0.0000010 0.0021144 0.0128111 0.0107663 0.0000010 0.0000010 0.0000010 0.0127704 0.0107519 0.0107639 0.0117442 0.0039343 0.0038589 0.0009491 0.0000010 0.0009491 0.0000010 0.0000010 0.0019098 0.0000010 0.0000010 0.0107786 0.0022196 0.0000010 0.0000010 0.0000010 0.0009491 0.0000010 0.0277410 0.0394644 0.0391175 0.0107519 0.0242085 0.0107639 0.0107519 0.0158734 0.0106705 0.0150764 0.0077755 0.0102971 0.0077755 0.0099362 0.0117317 0.0107519 0.0094655 0.0097672 0.0097911 0.0107519 0.0087825 0.0138822 0.0081059 0.0107519 0.0127593 0.0097781 0.0127873 0.0117697 0.0117442 0.0000010 0.0189692 0.0097912 0.0243810 0.0098325 0.0426419 0.0200427 0.0230740 0.0241679 0.0107519 0.0118123 0.0117636 0.0210083 0.0210083 0.0127019 0.0098104 0.0169057 0.0191517 0.0242343 0.0107519 0.0107519 0.0168427 0.0107519 0.0146119 0.0105222 0.0107519 0.0107519 0.0108099 0.0107519 0.0112476 0.0107519 0.0109300 0.0107519 0.0107603 0.0107519 0.0107519 0.0048456 0.0019108 0.0082517 0.0221770 0.0221876 0.0266038 0.0211692 0.0200593 0.0310724 0.0440651 0.0222003 0.0265410 0.0265754 0.0169712 0.0190107 0.0097781 0.0097781 0.0097672 0.0097781 0.0108515 0.0097674 0.0275675 0.0097596 
MH751940.1_Eimeria_vermiformis                  0.0099260 0.0000010 0.0087315 0.0107178 0.0097207 0.0097207 0.0078621 0.0117293 0.0038661 0.0097237 0.0117481 0.0028543 0.0090178 0.0097674 0.0000000 0.0028514 0.0035349 0.0047718 0.0106981 0.0099260 0.0048572 0.0099342 0.0000010 0.0089903 0.0097463 0.0000010 0.0107356 0.0104882 0.0089970 0.0008793 0.0088369 0.0099260 0.0035315 0.0097133 0.0099260 0.0099260 0.0030610 0.0089903 0.0099260 0.0104130 0.0097311 0.0098299 0.0099260 0.0090281 0.0000010 0.0041862 0.0049990 0.0008793 0.0044195 0.0099332 0.0053240 0.0044195 0.0089903 0.0124351 0.0099260 0.0099260 0.0099260 0.0108421 0.0099010 0.0099260 0.0108421 0.0106981 0.0099260 0.0107700 0.0099260 0.0099260 0.0099260 0.0046067 0.0083995 0.0099834 0.0138044 0.0008830 0.0099454 0.0099260 0.0099332 0.0114665 0.0099459 0.0099332 0.0097215 0.0053371 0.0035358 0.0099260 0.0099260 0.0099332 0.0064615 0.0035598 0.0035747 0.0044594 0.0184393 0.0162083 0.0120530 0.0136933 0.0109792 0.0099997 0.0081307 0.0138457 0.0137958 0.0097519 0.0017651 0.0146002 0.0071817 0.0099688 0.0099260 0.0106840 0.0075164 0.0235618 0.0320327 0.0326000 0.0035315 0.0155187 0.0035349 0.0035315 0.0076662 0.0047307 0.0060100 0.0044482 0.0037673 0.0044482 0.0044398 0.0035315 0.0035315 0.0000010 0.0008799 0.0026525 0.0035315 0.0053576 0.0087484 0.0028255 0.0035315 0.0053172 0.0026494 0.0053279 0.0053209 0.0046067 0.0099260 0.0145439 0.0026526 0.0212986 0.0196134 0.0344607 0.0183761 0.0145333 0.0173627 0.0035315 0.0071676 0.0044261 0.0145333 0.0145333 0.0080445 0.0080967 0.0108401 0.0138138 0.0174067 0.0035315 0.0035315 0.0080078 0.0035315 0.0058471 0.0051589 0.0035315 0.0035315 0.0035482 0.0035315 0.0036845 0.0035315 0.0027139 0.0035315 0.0035364 0.0035315 0.0035315 0.0014159 0.0118188 0.0000010 0.0174818 0.0174895 0.0233818 0.0165617 0.0155688 0.0274286 0.0403357 0.0174987 0.0233313 0.0233588 0.0146281 0.0164911 0.0027350 0.0026494 0.0008799 0.0026494 0.0039651 0.0008800 0.0185042 0.0008793 
MH751941.1_Eimeria_falciformis                  0.0106838 0.0028448 0.0076244 0.0097082 0.0106838 0.0106838 0.0068548 0.0107211 0.0000024 0.0106953 0.0107386 0.0000010 0.0097052 0.0107639 0.0028514 0.0000000 0.0000010 0.0009469 0.0096978 0.0106838 0.0058241 0.0087241 0.0028419 0.0106838 0.0107120 0.0028573 0.0106953 0.0113601 0.0106923 0.0028419 0.0077168 0.0106838 0.0000024 0.0106838 0.0106838 0.0106838 0.0000025 0.0106838 0.0106838 0.0114668 0.0106953 0.0108038 0.0106838 0.0106838 0.0028419 0.0010410 0.0000010 0.0028419 0.0000024 0.0106921 0.0009474 0.0000024 0.0106838 0.0137071 0.0106838 0.0106838 0.0106838 0.0096978 0.0096978 0.0106838 0.0096978 0.0096978 0.0106838 0.0097545 0.0106838 0.0106838 0.0106838 0.0000024 0.0094597 0.0107495 0.0124203 0.0028545 0.0107063 0.0106838 0.0106921 0.0104043 0.0107067 0.0106921 0.0107913 0.0009495 0.0000024 0.0106838 0.0106838 0.0106921 0.0009469 0.0000024 0.0000010 0.0000024 0.0162638 0.0146332 0.0096978 0.0156223 0.0096978 0.0106838 0.0093126 0.0127201 0.0157390 0.0107405 0.0038041 0.0126208 0.0081997 0.0106838 0.0106838 0.0096978 0.0085825 0.0254412 0.0359662 0.0340787 0.0000024 0.0167160 0.0000024 0.0000024 0.0045623 0.0052397 0.0066683 0.0047827 0.0000028 0.0047827 0.0048850 0.0000024 0.0000024 0.0039328 0.0028440 0.0000024 0.0000024 0.0057620 0.0073592 0.0015913 0.0000024 0.0018942 0.0028471 0.0018983 0.0018955 0.0000024 0.0106838 0.0136653 0.0028508 0.0219394 0.0211632 0.0328796 0.0167604 0.0156487 0.0166882 0.0000024 0.0067376 0.0047572 0.0136546 0.0136546 0.0086523 0.0087127 0.0096959 0.0138432 0.0167337 0.0000024 0.0000024 0.0037593 0.0000024 0.0012836 0.0012835 0.0000024 0.0000024 0.0000024 0.0000024 0.0000024 0.0000024 0.0000010 0.0000024 0.0000024 0.0000024 0.0000024 0.0000010 0.0127271 0.0034421 0.0168114 0.0168193 0.0252306 0.0178499 0.0147595 0.0264504 0.0390422 0.0168288 0.0230936 0.0231230 0.0157586 0.0157500 0.0028471 0.0028471 0.0028440 0.0028471 0.0000028 0.0028440 0.0164402 0.0028419 
MH751942.1_Eimeria_falciformis                  0.0101680 0.0028426 0.0076244 0.0097082 0.0106838 0.0106838 0.0068548 0.0107128 0.0000024 0.0106870 0.0107386 0.0000010 0.0093166 0.0107639 0.0035349 0.0000010 0.0000000 0.0009469 0.0096903 0.0103553 0.0056651 0.0085266 0.0030274 0.0109020 0.0132617 0.0028573 0.0117016 0.0101793 0.0109742 0.0022362 0.0077168 0.0100374 0.0000021 0.0106756 0.0102766 0.0099254 0.0000025 0.0113617 0.0100993 0.0114668 0.0106953 0.0108038 0.0099254 0.0105893 0.0028396 0.0010402 0.0000010 0.0023442 0.0000021 0.0099314 0.0015260 0.0000021 0.0109020 0.0116514 0.0099254 0.0099254 0.0100501 0.0094003 0.0102736 0.0099662 0.0092539 0.0096903 0.0100565 0.0103119 0.0100565 0.0100931 0.0122261 0.0000023 0.0094597 0.0099728 0.0124203 0.0023061 0.0099418 0.0099254 0.0099314 0.0104043 0.0099422 0.0099314 0.0112654 0.0007471 0.0000021 0.0099254 0.0099254 0.0099314 0.0016138 0.0000021 0.0000010 0.0000021 0.0155975 0.0136456 0.0106153 0.0201322 0.0102194 0.0104568 0.0093126 0.0138598 0.0154620 0.0107180 0.0031800 0.0122869 0.0095969 0.0106935 0.0104522 0.0105406 0.0100303 0.0251068 0.0337584 0.0381000 0.0007523 0.0171022 0.0000021 0.0000021 0.0037432 0.0044195 0.0056084 0.0037565 0.0000028 0.0037899 0.0041646 0.0000021 0.0000021 0.0035215 0.0022375 0.0000021 0.0000021 0.0060459 0.0064057 0.0013377 0.0000021 0.0014919 0.0029894 0.0014931 0.0022408 0.0000023 0.0100503 0.0146837 0.0045133 0.0212258 0.0180808 0.0252678 0.0195762 0.0170797 0.0170797 0.0007456 0.0060464 0.0045002 0.0146746 0.0146746 0.0083343 0.0068264 0.0107349 0.0132906 0.0171165 0.0000021 0.0000021 0.0031922 0.0000021 0.0010855 0.0012835 0.0000021 0.0000021 0.0000021 0.0000021 0.0000023 0.0000021 0.0000010 0.0000021 0.0000021 0.0000021 0.0000021 0.0000010 0.0115247 0.0029543 0.0172312 0.0196733 0.0272949 0.0204981 0.0188269 0.0291261 0.0410421 0.0196821 0.0246835 0.0247085 0.0188185 0.0188104 0.0027098 0.0023554 0.0022375 0.0030124 0.0000028 0.0022376 0.0164402 0.0022526 
MH751943.1_Eimeria_falciformis                  0.0126784 0.0047556 0.0098283 0.0116853 0.0126784 0.0126784 0.0088335 0.0126992 0.0009605 0.0126784 0.0127199 0.0009469 0.0116942 0.0127501 0.0047718 0.0009469 0.0009469 0.0000000 0.0116853 0.0126784 0.0077976 0.0107064 0.0047556 0.0126784 0.0127120 0.0047768 0.0126784 0.0134580 0.0126886 0.0047556 0.0099472 0.0126784 0.0018942 0.0126784 0.0126784 0.0126784 0.0010147 0.0126784 0.0126784 0.0135846 0.0126784 0.0127973 0.0126784 0.0126784 0.0047556 0.0020868 0.0000010 0.0047556 0.0009458 0.0126883 0.0018992 0.0009458 0.0126784 0.0162473 0.0126784 0.0126784 0.0126784 0.0116853 0.0116853 0.0126784 0.0116853 0.0116853 0.0126784 0.0117540 0.0126784 0.0126784 0.0126784 0.0009458 0.0115899 0.0127563 0.0152297 0.0047770 0.0127051 0.0126784 0.0126883 0.0125149 0.0127057 0.0126883 0.0130087 0.0019040 0.0018967 0.0126784 0.0126784 0.0126883 0.0018983 0.0018942 0.0009469 0.0009458 0.0205062 0.0159328 0.0116853 0.0196919 0.0116853 0.0126784 0.0116729 0.0147378 0.0198403 0.0127223 0.0057294 0.0149559 0.0102949 0.0126784 0.0126784 0.0116853 0.0107762 0.0275404 0.0390511 0.0363003 0.0018942 0.0187601 0.0009469 0.0018942 0.0076532 0.0078762 0.0093558 0.0067224 0.0025066 0.0067224 0.0073490 0.0018942 0.0018942 0.0065917 0.0047592 0.0018994 0.0018942 0.0077138 0.0094857 0.0015913 0.0018942 0.0038046 0.0047645 0.0038128 0.0038074 0.0009458 0.0126784 0.0156820 0.0047707 0.0240342 0.0232765 0.0351522 0.0188099 0.0176776 0.0187289 0.0018942 0.0086987 0.0066873 0.0156697 0.0156697 0.0106185 0.0106927 0.0116830 0.0158867 0.0187799 0.0018942 0.0018942 0.0062845 0.0018942 0.0038633 0.0038648 0.0018942 0.0018942 0.0019040 0.0018942 0.0019805 0.0018942 0.0000010 0.0018942 0.0018956 0.0018942 0.0018942 0.0000010 0.0147459 0.0057652 0.0188673 0.0188762 0.0273639 0.0199158 0.0167968 0.0275418 0.0391006 0.0188869 0.0252071 0.0252393 0.0178019 0.0177922 0.0047645 0.0047645 0.0047592 0.0047645 0.0026349 0.0047593 0.0206522 0.0047556 
MH751944.1_Eimeria_ferrisi                      0.0009416 0.0106726 0.0000010 0.0000010 0.0009423 0.0009423 0.0000010 0.0009448 0.0108591 0.0009426 0.0009470 0.0097082 0.0009444 0.0009491 0.0106981 0.0096978 0.0096903 0.0116853 0.0000000 0.0009416 0.0028868 0.0009423 0.0106611 0.0009416 0.0009447 0.0107294 0.0018920 0.0009992 0.0009423 0.0106611 0.0000025 0.0009416 0.0096798 0.0009416 0.0009416 0.0009416 0.0072516 0.0009416 0.0009416 0.0010092 0.0009433 0.0009526 0.0009416 0.0009416 0.0106611 0.0117958 0.0128385 0.0106611 0.0106611 0.0009423 0.0116792 0.0106611 0.0009416 0.0011972 0.0009416 0.0009416 0.0009416 0.0000010 0.0000010 0.0009416 0.0000010 0.0000010 0.0009416 0.0000010 0.0009416 0.0009416 0.0009416 0.0106611 0.0020488 0.0009472 0.0026677 0.0107100 0.0009435 0.0009416 0.0009423 0.0000025 0.0009435 0.0009423 0.0031532 0.0117107 0.0096926 0.0009416 0.0009416 0.0009423 0.0116734 0.0096798 0.0096903 0.0106611 0.0019348 0.0025620 0.0000010 0.0018619 0.0000010 0.0009416 0.0011303 0.0028454 0.0018751 0.0009464 0.0116766 0.0011059 0.0009995 0.0009416 0.0009416 0.0000010 0.0010449 0.0286125 0.0409581 0.0398702 0.0096798 0.0229683 0.0096903 0.0096798 0.0140985 0.0119998 0.0164403 0.0086871 0.0089784 0.0086871 0.0111744 0.0106499 0.0096798 0.0107375 0.0106694 0.0087263 0.0096798 0.0096907 0.0149145 0.0080841 0.0096798 0.0116633 0.0106813 0.0116887 0.0106832 0.0106611 0.0009428 0.0177932 0.0106954 0.0241731 0.0107402 0.0423606 0.0188518 0.0218516 0.0229301 0.0096798 0.0127070 0.0126551 0.0198097 0.0198097 0.0135839 0.0107162 0.0157545 0.0179628 0.0229926 0.0096798 0.0096798 0.0154826 0.0096798 0.0132271 0.0091876 0.0096798 0.0096798 0.0097314 0.0096798 0.0101495 0.0096798 0.0093222 0.0096798 0.0096872 0.0096798 0.0096798 0.0048334 0.0028468 0.0093692 0.0209579 0.0209679 0.0274247 0.0220175 0.0188672 0.0297301 0.0425367 0.0209798 0.0252630 0.0252954 0.0178415 0.0178318 0.0106813 0.0106813 0.0106694 0.0106813 0.0094504 0.0106696 0.0253635 0.0106611 
MH751945.1_Eimeria_ferrisi                      0.0000010 0.0096901 0.0010622 0.0009433 0.0000010 0.0000010 0.0009574 0.0018924 0.0118644 0.0000010 0.0018968 0.0106953 0.0000022 0.0000010 0.0099260 0.0106838 0.0103553 0.0126784 0.0009416 0.0000000 0.0018701 0.0015490 0.0103652 0.0007749 0.0017192 0.0097416 0.0009448 0.0000010 0.0007764 0.0095387 0.0010747 0.0000010 0.0103467 0.0000010 0.0000010 0.0000010 0.0083010 0.0007877 0.0000010 0.0000010 0.0000010 0.0000010 0.0000010 0.0008574 0.0096798 0.0128899 0.0122991 0.0095921 0.0111543 0.0000010 0.0128869 0.0113334 0.0007749 0.0000010 0.0000010 0.0000010 0.0000010 0.0007734 0.0015580 0.0000010 0.0007734 0.0009416 0.0000010 0.0008569 0.0000010 0.0000010 0.0025464 0.0112495 0.0010227 0.0000027 0.0040111 0.0095966 0.0000010 0.0000010 0.0000010 0.0010088 0.0000010 0.0000010 0.0018788 0.0120186 0.0103579 0.0000010 0.0000010 0.0000010 0.0136679 0.0107363 0.0107777 0.0115853 0.0037290 0.0036027 0.0016288 0.0015417 0.0008263 0.0000010 0.0000010 0.0032450 0.0000010 0.0000010 0.0105757 0.0021607 0.0000010 0.0000010 0.0000010 0.0008515 0.0000010 0.0265163 0.0361652 0.0378018 0.0103467 0.0212615 0.0103553 0.0103467 0.0161567 0.0091908 0.0129369 0.0079219 0.0102825 0.0079219 0.0086409 0.0111445 0.0103467 0.0108405 0.0095448 0.0095635 0.0103467 0.0087504 0.0122762 0.0067871 0.0103467 0.0119862 0.0095535 0.0120005 0.0111735 0.0112495 0.0000010 0.0170288 0.0111837 0.0213847 0.0079599 0.0367469 0.0204444 0.0212322 0.0212324 0.0103467 0.0120200 0.0119982 0.0186816 0.0186816 0.0127725 0.0095791 0.0153573 0.0198222 0.0212800 0.0103467 0.0104302 0.0145657 0.0103467 0.0125930 0.0105222 0.0103467 0.0103467 0.0103917 0.0103467 0.0099754 0.0103467 0.0091974 0.0103467 0.0103797 0.0103467 0.0103467 0.0040549 0.0015551 0.0093641 0.0231368 0.0213462 0.0258631 0.0205172 0.0196151 0.0303812 0.0409462 0.0213562 0.0248755 0.0249017 0.0170975 0.0187609 0.0092278 0.0096730 0.0095448 0.0103766 0.0108233 0.0095449 0.0275675 0.0095387 
